STATIONS_ID;MESS_DATUM;QN_3;  FX;  FM;QN_4; RSK;RSKF; SDK;SHK_TAG;  NM; VPM;  PM; TMK; UPM; TXK; TNK; TGK;eor
       3379;20190614;   10;  11.1;   3.0;    3;   0.0;   0;   11.900;-999;   3.5;  16.0;  954.34;   23.0;   59.46;   30.8;   13.0;   11.4;eor
       3379;20190615;   10;  20.8;   3.4;    3;   6.7;   6;    7.817;-999;   5.5;  15.8;  953.36;   22.1;   60.58;   26.3;   14.1;   13.8;eor
       3379;20190616;   10;   7.9;   2.9;    3;   0.0;   6;    2.050;-999;  -999;  14.6;  959.96;   16.8;   77.25;   22.2;   13.8;   12.4;eor
       3379;20190617;   10;   9.5;   3.0;    3;   0.0;   0;   13.767;-999;  -999;  14.8;  958.35;   19.7;   66.75;   26.0;   12.3;   10.8;eor
       3379;20190618;   10;   9.0;   2.0;    3;   0.0;   0;   14.117;-999;   2.8;  14.9;  954.74;   22.0;   59.08;   28.9;   14.0;   12.6;eor
       3379;20190619;   10;  11.1;   2.1;    3;   1.5;   6;   11.917;-999;   3.6;  12.8;  951.65;   23.9;   46.08;   30.7;   17.2;   16.4;eor
       3379;20190620;   10;  15.8;   2.6;    3;  18.2;   6;    2.967;-999;   6.5;  16.0;  953.89;   19.1;   73.79;   25.1;   15.0;   14.1;eor
       3379;20190621;   10;   6.8;   2.1;    3;   8.4;   6;    7.567;-999;   6.9;  16.3;  956.95;   19.1;   75.46;   25.3;   14.2;   12.9;eor
       3379;20190622;   10;  13.7;   2.7;    3;  14.2;   6;    4.200;-999;   7.8;  16.9;  955.73;   18.5;   80.79;   24.6;   14.7;   13.8;eor
       3379;20190623;   10;   6.1;   2.0;    3;   0.1;   6;    4.333;-999;   6.3;  17.3;  957.57;   19.1;   79.25;   23.6;   15.5;   14.6;eor
       3379;20190624;   10;  10.6;   3.6;    3;   0.0;   0;   14.883;-999;   1.8;  17.3;  959.76;   22.3;   66.50;   28.8;   16.2;   14.4;eor
       3379;20190625;   10;   5.2;   2.0;    3;   0.0;   0;   14.750;-999;   3.0;  18.3;  960.38;   24.5;   62.46;   32.6;   15.7;   14.0;eor
       3379;20190626;   10;   5.2;   1.7;    3;   0.0;   0;   14.650;-999;   2.1;  19.4;  962.49;   27.0;   58.54;   34.5;   18.2;   16.7;eor
       3379;20190627;   10;   9.8;   2.9;    3;   0.0;   0;   14.200;-999;   0.5;  19.6;  961.52;   26.8;   56.17;   32.8;   19.1;   16.0;eor
       3379;20190628;   10;   7.3;   2.0;    3;   0.0;   0;   15.583;-999;   0.0;  11.4;  961.14;   22.3;   44.00;   28.7;   15.2;   13.0;eor
       3379;20190629;   10;   9.6;   2.7;    3;   0.0;   0;   15.633;-999;   0.0;  13.6;  959.15;   22.9;   52.71;   30.0;   14.8;   13.0;eor
       3379;20190630;   10;  11.7;   3.1;    3;   0.0;   0;   15.250;-999;   1.0;  14.7;  956.78;   26.6;   46.67;   35.2;   15.2;   13.6;eor
       3379;20190701;   10;  15.9;   3.4;    3;   5.9;   6;    5.767;-999;   6.6;  17.4;  956.80;   24.4;   58.04;   32.9;   18.8;   17.3;eor
       3379;20190702;   10;   9.0;   2.4;    3;   0.0;   0;    7.533;-999;   6.2;  15.4;  958.47;   21.3;   62.33;   25.7;   16.3;   14.0;eor
       3379;20190703;   10;   6.8;   2.1;    3;   0.0;   0;   13.467;-999;   5.1;  11.8;  959.40;   19.7;   52.42;   25.0;   14.7;   12.7;eor
       3379;20190704;   10;   7.2;   2.1;    3;   0.0;   0;   15.300;-999;   1.1;  10.3;  959.51;   20.0;   46.17;   26.9;   12.6;   10.9;eor
       3379;20190705;   10;  11.6;   2.6;    3;   0.0;   0;   13.200;-999;   6.4;  11.6;  956.69;   22.1;   46.54;   28.6;   13.7;   11.9;eor
       3379;20190706;   10;  14.1;   3.6;    3;   0.4;   6;    9.600;-999;   5.1;  12.8;  952.17;   24.4;   43.67;   31.6;   17.2;   14.8;eor
       3379;20190707;   10;  14.5;   2.8;    3;  13.0;   6;    3.500;-999;   7.5;  16.3;  952.03;   19.1;   73.88;   23.5;   14.4;   13.5;eor
       3379;20190708;   10;   9.2;   2.2;    3;   0.9;   6;    0.767;-999;   7.8;  13.7;  955.88;   15.7;   77.38;   18.9;   13.1;   12.6;eor
       3379;20190709;   10;   8.6;   2.5;    3;   0.0;   0;    8.333;-999;   6.3;   9.6;  956.65;   16.2;   52.79;   20.8;   12.4;   11.0;eor
       3379;20190710;   10;   6.9;   2.1;    3;   0.0;   0;   14.100;-999;   5.1;   8.6;  957.48;   16.4;   47.54;   22.3;   11.0;    9.4;eor
       3379;20190711;   10;   8.8;   2.3;    3;   4.1;   6;    1.983;-999;   7.3;  12.1;  954.92;   16.3;   67.08;   22.2;   13.5;   11.1;eor
       3379;20190712;   10;  12.5;   3.1;    3;   6.9;   6;    4.033;-999;   7.8;  14.2;  953.26;   17.2;   73.21;   21.2;   13.9;   12.6;eor
       3379;20190713;   10;  14.3;   3.2;    3;  12.4;   6;    1.617;-999;   7.5;  14.5;  955.35;   15.0;   85.17;   18.5;   13.2;   12.2;eor
       3379;20190714;   10;   7.4;   2.1;    3;   0.6;   6;    3.467;-999;   5.8;  13.9;  955.00;   16.3;   76.17;   21.4;   12.6;   11.2;eor
       3379;20190715;   10;   7.2;   2.4;    3;   0.0;   0;    6.383;-999;   4.9;  13.0;  954.52;   17.6;   67.83;   24.2;   12.8;   11.8;eor
       3379;20190716;   10;   9.8;   2.7;    3;   0.0;   0;   12.250;-999;   2.9;  12.6;  955.79;   18.7;   61.58;   25.0;   12.8;   11.0;eor
       3379;20190717;   10;   9.0;   2.1;    3;   0.0;   0;   12.867;-999;   6.5;  12.4;  953.15;   20.6;   54.38;   27.6;   13.3;   11.6;eor
       3379;20190718;   10;   8.7;   2.3;    3;   0.2;   6;   11.017;-999;   6.7;  12.6;  952.74;   21.5;   52.08;   27.8;   15.3;   13.2;eor
       3379;20190719;   10;   8.6;   2.3;    3;   0.0;   6;    6.650;-999;   8.0;  14.0;  955.20;   22.0;   54.50;   27.9;   16.2;   14.1;eor
       3379;20190720;   10;   9.4;   2.6;    3;   3.4;   6;   13.150;-999;   7.5;  14.4;  955.43;   24.6;   51.29;   32.3;   15.2;   13.8;eor
       3379;20190721;   10;  13.5;   2.7;    3;  16.2;   8;    4.833;-999;   6.8;  17.8;  960.87;   21.0;   72.67;   25.9;   17.5;   16.1;eor
       3379;20190722;   10;   7.8;   2.0;    3;   0.0;   0;   13.200;-999;   5.1;  16.2;  963.01;   23.2;   61.08;   30.0;   16.3;   15.1;eor
       3379;20190723;   10;   6.7;   2.1;    3;   0.0;   0;   14.917;-999;   2.1;  16.1;  960.66;   24.4;   56.79;   31.6;   16.3;   14.9;eor
       3379;20190724;   10;   8.2;   1.8;    3;   0.0;   0;   14.733;-999;   0.2;  17.4;  957.03;   26.7;   53.58;   34.5;   17.6;   16.2;eor
       3379;20190725;   10;  10.2;   2.6;    3;   0.0;   0;   14.400;-999;   6.2;  17.2;  955.92;   27.8;   50.08;   34.8;   20.0;   18.4;eor
       3379;20190726;   10;   9.2;   2.0;    3;   0.1;   6;   13.333;-999;   5.3;  15.7;  950.23;   27.8;   45.79;   35.3;   19.8;   18.1;eor
       3379;20190727;   10;  10.5;   2.6;    3;   2.2;   6;    4.767;-999;   7.1;  18.1;  943.96;   23.0;   64.67;   26.5;   18.8;   17.3;eor
       3379;20190728;   10;  12.1;   3.2;    3;  49.2;   6;    0.017;-999;   7.5;  18.8;  942.04;   19.2;   84.75;   22.7;   16.9;   16.4;eor
       3379;20190729;   10;  11.2;   3.2;    3;   1.2;   6;    0.300;-999;   7.8;  17.4;  951.03;   17.3;   88.29;   19.8;   15.2;   14.7;eor
       3379;20190730;   10;   5.2;   1.6;    3;   2.8;   6;    7.283;-999;   4.5;  17.7;  953.55;   21.4;   70.96;   27.2;   16.1;   14.7;eor
       3379;20190731;   10;  10.2;   2.4;    3;   4.6;   6;    0.417;-999;   6.8;  17.2;  957.33;   17.3;   86.83;   19.9;   15.3;   13.7;eor
       3379;20190801;   10;   5.8;   1.8;    3;   0.0;   0;    9.533;-999;   4.4;  15.2;  956.72;   19.6;   69.25;   25.2;   13.4;   12.3;eor
       3379;20190802;   10;   9.8;   2.5;    3;   2.0;   6;    7.867;-999;   7.1;  13.7;  954.23;   20.0;   60.58;   25.1;   15.8;   14.3;eor
       3379;20190803;   10;  12.2;   3.4;    3;   1.1;   6;    4.917;-999;   6.1;  14.9;  955.19;   17.9;   73.25;   22.5;   14.3;   13.0;eor
       3379;20190804;   10;   4.8;   1.7;    3;   0.0;   0;   12.283;-999;   2.9;  13.7;  956.05;   19.8;   62.13;   26.2;   13.9;   11.9;eor
       3379;20190805;   10;   8.7;   1.9;    3;   0.0;   6;    5.983;-999;   7.7;  14.6;  953.89;   22.3;   56.38;   28.9;   15.5;   13.5;eor
       3379;20190806;   10;  12.1;   4.0;    3;   0.0;   6;    7.067;-999;   7.3;  16.1;  953.00;   22.6;   59.88;   28.3;   19.1;   17.5;eor
       3379;20190807;   10;  13.7;   2.4;    3;   6.5;   6;    2.217;-999;   7.6;  16.6;  951.27;   19.7;   73.75;   25.8;   15.9;   14.9;eor
       3379;20190808;   10;   7.9;   2.0;    3;   0.0;   0;    9.483;-999;   5.9;  15.7;  954.00;   20.1;   70.00;   26.6;   15.0;   13.9;eor
       3379;20190809;   10;   8.3;   1.9;    3;   0.8;   6;   13.617;-999;   4.9;  15.9;  952.64;   24.4;   56.46;   32.8;   13.9;   12.3;eor
       3379;20190810;   10;   9.8;   2.5;    3;   4.4;   6;    1.983;-999;   7.2;  19.3;  956.91;   20.7;   78.88;   24.2;   18.4;   17.2;eor
       3379;20190811;   10;  15.6;   3.3;    3;   1.9;   6;   13.200;-999;   3.2;  16.3;  955.56;   22.6;   61.38;   28.3;   16.3;   14.0;eor
       3379;20190812;   10;   8.3;   2.2;    3;  24.2;   6;    0.650;-999;   7.8;  16.0;  956.82;   15.9;   88.38;   18.3;   13.9;   13.1;eor
       3379;20190813;   10;   6.7;   2.3;    3;   7.1;   6;    2.983;-999;   7.7;  14.3;  958.23;   16.3;   78.17;   20.4;   13.2;   12.5;eor
       3379;20190814;   10;   7.0;   2.1;    3;   0.0;   0;   11.733;-999;   2.7;  11.5;  958.39;   16.2;   65.63;   21.6;   12.3;   10.4;eor
       3379;20190815;   10;  11.4;   2.5;    3;   2.4;   6;    6.533;-999;   5.8;  13.6;  955.84;   16.1;   74.92;   21.3;    9.8;    8.4;eor
       3379;20190816;   10;   8.7;   2.7;    3;   0.0;   0;   11.667;-999;   5.4;  13.0;  957.79;   17.9;   65.38;   23.1;   14.1;   12.1;eor
       3379;20190817;   10;   7.9;   2.2;    3;   0.0;   6;    5.083;-999;   7.9;  13.3;  954.48;   20.2;   58.58;   26.5;   12.7;   11.0;eor
       3379;20190818;   10;   8.9;   2.5;    3;   9.7;   6;   12.300;-999;   3.0;  14.4;  951.44;   25.4;   47.42;   33.2;   18.2;   16.1;eor
       3379;20190819;   10;  13.7;   2.4;    3;  22.0;   6;    2.250;-999;   7.9;  18.0;  957.64;   19.9;   78.42;   24.3;   16.1;   15.8;eor
       3379;20190820;   10;  10.2;   2.3;    3;  18.4;   6;    0.000;-999;   7.7;  17.6;  961.12;   16.7;   92.17;   19.3;   12.7;   12.4;eor
       3379;20190821;   10;   6.5;   2.3;    3;   0.0;   0;    2.583;-999;   7.7;  13.6;  966.31;   15.8;   76.63;   19.4;   12.7;   12.2;eor
       3379;20190822;   10;   7.9;   2.6;    3;   0.0;   0;    4.000;-999;   6.1;  13.7;  964.13;   16.3;   74.79;   21.0;   12.6;   11.0;eor
       3379;20190823;   10;   7.7;   2.0;    3;   0.0;   0;    1.783;-999;   6.2;  16.1;  963.35;   17.9;   78.83;   22.3;   11.4;   10.0;eor
       3379;20190824;   10;   6.0;   1.5;    3;   0.0;   0;   12.383;-999;   4.2;  17.7;  959.42;   21.4;   71.58;   27.7;   15.0;   13.1;eor
       3379;20190825;   10;   7.0;   2.3;    3;   0.0;   0;    8.267;-999;   6.6;  17.7;  958.75;   21.1;   71.83;   28.3;   17.2;   15.7;eor
       3379;20190826;   10;  15.0;   1.7;    3;  46.0;   6;    7.967;-999;   4.6;  18.0;  958.33;   20.8;   74.88;   27.6;   16.1;   14.6;eor
       3379;20190827;   10;   5.3;   1.5;    3;   0.0;   0;   11.750;-999;   3.2;  17.7;  957.38;   22.1;   70.13;   29.8;   16.3;   15.2;eor
       3379;20190828;   10;   7.8;   2.2;    3;   4.4;   6;    9.767;-999;   5.9;  17.2;  956.91;   23.4;   62.54;   30.1;   16.9;   15.4;eor
       3379;20190829;   10;   6.4;   2.0;    3;   0.0;   6;    4.033;-999;   6.8;  18.5;  959.75;   20.8;   76.00;   26.2;   18.1;   16.1;eor
       3379;20190830;   10;   7.1;   1.9;    3;   0.0;   0;   12.283;-999;   0.1;  17.2;  961.28;   21.8;   68.63;   28.2;   15.3;   14.0;eor
       3379;20190831;   10;   6.8;   1.8;    3;   0.0;   0;   12.100;-999;   1.6;  16.8;  955.63;   22.6;   64.50;   29.7;   15.8;   14.3;eor
       3379;20190901;   10;  13.3;   3.6;    3;   1.7;   6;   10.017;-999;   5.2;  15.4;  953.96;   22.1;   59.17;   27.0;   17.7;   16.5;eor
       3379;20190902;   10;   7.2;   2.1;    3;   2.4;   6;    0.000;-999;   6.8;  14.1;  960.47;   15.6;   79.54;   17.9;   11.5;    9.7;eor
       3379;20190903;   10;   5.5;   1.6;    3;   0.0;   0;   12.167;-999;   1.8;  10.8;  963.27;   15.7;   64.58;   22.3;    9.2;    7.7;eor
       3379;20190904;   10;   5.7;   1.8;    3;   0.0;   0;   12.867;-999;   0.0;  11.6;  957.19;   17.8;   60.67;   25.8;    9.5;    8.1;eor
       3379;20190905;   10;   9.1;   2.7;    3;   6.4;   6;    1.383;-999;   6.6;  13.1;  958.14;   14.1;   81.46;   16.9;   11.0;   10.2;eor
       3379;20190906;   10;   5.9;   2.1;    3;   2.7;   6;    0.050;-999;   7.9;  12.0;  960.44;   12.9;   80.92;   15.0;   10.6;    9.9;eor
       3379;20190907;   10;   8.2;   2.1;    3;   3.4;   6;    0.033;-999;   7.8;  12.3;  958.08;   12.6;   84.75;   15.9;    9.4;    8.1;eor
       3379;20190908;   10;   6.0;   1.7;    3;  25.4;   6;    0.000;-999;   7.8;  11.4;  955.20;    9.7;   94.13;   11.4;    8.2;    7.1;eor
       3379;20190909;   10;  10.5;   3.1;    3;   1.0;   6;    1.033;-999;   6.6;  11.3;  954.06;   10.3;   90.46;   13.1;    7.4;    5.8;eor
       3379;20190910;   10;   7.0;   2.2;    3;   0.0;   0;   11.767;-999;   6.4;  10.9;  956.60;   12.5;   76.71;   19.4;    5.7;    4.2;eor
       3379;20190911;   10;   5.9;   1.6;    3;   0.0;   0;    7.533;-999;   5.4;  11.6;  962.53;   15.0;   70.58;   21.1;   10.0;    8.8;eor
       3379;20190912;   10;   7.4;   2.0;    3;   0.0;   0;    9.100;-999;   4.0;  12.7;  969.12;   17.7;   65.00;   23.6;   12.7;   11.2;eor
       3379;20190913;   10;   6.7;   2.0;    3;   0.0;   0;   11.950;-999;   2.0;  14.4;  969.95;   18.1;   71.79;   25.1;   11.5;   10.1;eor
       3379;20190914;   10;   6.4;   2.0;    3;   0.0;   0;    9.033;-999;   4.7;  15.9;  968.14;   18.0;   78.50;   23.8;   13.5;   11.9;eor
       3379;20190915;   10;   6.1;   1.7;    3;   0.0;   0;   11.167;-999;   1.0;  15.9;  963.12;   18.7;   75.88;   26.5;   11.4;    9.9;eor
       3379;20190916;   10;   8.8;   2.4;    3;   0.1;   6;    7.533;-999;   6.0;  16.1;  958.68;   20.6;   67.71;   26.9;   14.3;   12.6;eor
       3379;20190917;   10;  10.0;   2.8;    3;   0.0;   6;    5.983;-999;   5.0;  13.5;  957.77;   16.9;   70.25;   20.8;   11.1;    9.0;eor
       3379;20190918;   10;   6.5;   2.1;    3;   0.0;   0;   11.733;-999;   0.9;   8.5;  962.11;   11.6;   64.00;   17.4;    6.7;    5.1;eor
       3379;20190919;   10;   7.2;   2.5;    3;   0.0;   0;   10.850;-999;   3.2;   7.4;  964.95;   10.4;   61.25;   16.5;    5.4;    3.9;eor
       3379;20190920;   10;   8.4;   2.5;    3;   0.0;   0;   10.700;-999;   6.3;   7.3;  964.99;    9.9;   63.17;   16.5;    3.4;    2.2;eor
       3379;20190921;   10;   8.6;   2.5;    3;   0.0;   0;   11.950;-999;   0.4;   8.8;  958.69;   12.4;   62.96;   21.0;    4.8;    3.5;eor
       3379;20190922;   10;   3.9;   1.4;    3;   0.0;   6;    1.350;-999;   7.5;  12.1;  951.66;   13.3;   79.54;   19.6;    7.8;    6.6;eor
       3379;20190923;   10;  11.1;   3.1;    3;   9.6;   6;    0.000;-999;   7.8;  14.0;  954.90;   13.1;   92.33;   15.5;   11.4;   10.1;eor
       3379;20190924;   10;   6.5;   2.0;    3;   0.2;   6;    5.700;-999;   6.6;  12.7;  953.11;   15.0;   75.75;   19.3;   10.3;    8.9;eor
       3379;20190925;   10;  17.5;   3.4;    3;   0.6;   6;    3.850;-999;   7.8;  12.3;  950.39;   15.3;   71.42;   19.6;   12.8;   11.5;eor
       3379;20190926;   10;   9.6;   2.8;    3;   0.3;   6;    1.933;-999;   7.7;  14.0;  954.21;   15.1;   80.96;   17.9;   12.6;   10.7;eor
       3379;20190927;   10;  15.0;   3.2;    3;  12.3;   6;    5.050;-999;   7.8;  14.1;  954.18;   17.4;   72.29;   22.8;   13.7;   12.5;eor
       3379;20190928;   10;  13.8;   3.4;    3;   0.0;   6;    4.683;-999;   7.6;  12.5;  956.92;   14.7;   75.63;   18.1;   12.4;    9.8;eor
       3379;20190929;   10;  13.7;   3.2;    3;   0.1;   6;   10.383;-999;   4.0;  10.7;  950.79;   17.5;   55.92;   23.6;   11.2;    8.8;eor
       3379;20190930;   10;  19.0;   5.7;    3;   0.0;   0;    6.650;-999;   6.2;  11.1;  951.67;   16.3;   60.29;   19.1;    9.9;    7.8;eor
       3379;20191001;   10;   9.5;   2.7;    3;   3.0;   6;    9.350;   0;   3.7;  11.6;  948.47;   16.6;   64.67;   24.1;    9.6;    7.5;eor
       3379;20191002;   10;  13.0;   3.8;    3;  28.7;   6;    0.533;   0;   7.8;  12.2;  948.17;   12.0;   85.88;   15.7;    5.9;    4.7;eor
       3379;20191003;   10;  10.5;   3.1;    3;   0.0;   0;    6.867;   0;   4.2;   8.1;  956.96;    7.8;   77.21;   12.0;    5.3;    3.9;eor
       3379;20191004;   10;  12.7;   2.9;    3;   1.0;   6;    0.550;   0;   7.9;   9.0;  950.57;    9.3;   77.29;   12.6;    4.5;    2.9;eor
       3379;20191005;   10;  12.9;   4.2;    3;   3.7;   6;    0.433;   0;   7.6;   9.8;  952.00;    9.8;   80.75;   11.6;    5.0;    3.6;eor
       3379;20191006;   10;   6.9;   2.2;    3;  13.6;   6;    0.500;   0;   7.3;   9.5;  953.76;    8.4;   86.71;   11.9;    4.2;    2.6;eor
       3379;20191007;   10;   6.3;   1.7;    3;   2.5;   6;    0.183;   0;   7.3;  10.1;  955.83;    8.3;   92.00;   10.7;    6.6;    5.9;eor
       3379;20191008;   10;  11.9;   2.8;    3;   6.3;   6;    0.650;   0;   7.8;  10.8;  953.06;   12.8;   73.04;   17.9;    7.5;    6.0;eor
       3379;20191009;   10;  13.7;   3.2;    3;  12.3;   6;    0.000;   0;   7.0;  11.7;  952.60;   11.3;   87.04;   17.3;    9.1;    7.2;eor
       3379;20191010;   10;  15.0;   4.5;    3;   0.6;   6;    2.967;   0;   6.3;  10.1;  957.03;   10.7;   78.33;   13.8;    8.5;    6.0;eor
       3379;20191011;   10;   7.5;   2.3;    3;   0.0;   0;   10.717;   0;   6.0;   9.4;  958.94;   12.0;   69.83;   19.0;    7.3;    5.2;eor
       3379;20191012;   10;   6.5;   2.1;    3;   0.0;   0;   10.400;   0;   3.4;  10.6;  956.79;   14.5;   68.21;   24.4;    6.2;    4.3;eor
       3379;20191013;   10;   5.5;   1.7;    3;   0.0;   0;   10.333;   0;   2.0;  12.5;  956.41;   15.9;   71.21;   24.5;    8.8;    7.1;eor
       3379;20191014;   10;   6.2;   1.7;    3;   0.0;   0;    9.450;   0;   1.4;  12.5;  954.30;   14.9;   77.21;   23.4;    9.2;    7.1;eor
       3379;20191015;   10;  13.7;   2.9;    3;   3.5;   6;    9.650;   0;   3.3;  12.3;  948.40;   15.0;   74.67;   23.4;    8.8;    6.2;eor
       3379;20191016;   10;  12.5;   3.5;    3;   0.0;   0;    9.650;   0;   2.5;   9.1;  955.05;   12.2;   66.13;   17.2;    7.8;    5.9;eor
       3379;20191017;   10;   6.1;   1.8;    3;   0.0;   0;    9.417;   0;   5.8;   9.4;  954.83;   13.0;   67.13;   20.9;    6.1;    4.7;eor
       3379;20191018;   10;   7.7;   1.8;    3;   0.0;   6;    4.700;   0;   7.8;  10.9;  953.31;   14.7;   67.00;   21.0;   10.9;    9.2;eor
       3379;20191019;   10;   8.5;   2.3;    3;   0.0;   6;    1.983;   0;   7.3;  11.6;  951.18;   12.5;   80.50;   15.5;    8.5;    6.6;eor
       3379;20191020;   10;   9.6;   2.3;    3;   0.0;   0;    5.067;   0;   6.8;  10.7;  949.29;   15.0;   66.96;   23.0;    7.0;    5.3;eor
       3379;20191021;   10;   7.8;   2.2;    3;   0.0;   6;    2.467;   0;   7.5;  12.8;  956.97;   14.9;   76.46;   20.4;   11.9;    9.5;eor
       3379;20191022;   10;   3.9;   1.4;    3;   0.0;   6;    0.000;   0;   8.0;  12.8;  961.37;   11.9;   91.54;   13.1;   10.5;    8.5;eor
       3379;20191023;   10;   6.6;   2.3;    3;   0.0;   4;    4.450;   0;   6.6;  12.4;  955.19;   11.8;   89.54;   16.0;    9.0;    7.4;eor
       3379;20191024;   10;   6.4;   1.7;    3;   0.0;   4;    2.933;   0;   7.9;  12.0;  951.92;   11.2;   90.54;   15.5;    7.4;    7.3;eor
       3379;20191025;   10;   4.6;   1.8;    3;   0.0;   0;    4.333;   0;   6.2;  12.1;  960.83;   13.6;   79.00;   18.4;    8.9;    6.9;eor
       3379;20191026;   10;   5.8;   1.7;    3;   0.0;   0;    9.683;   0;   0.3;  11.2;  960.02;   13.3;   75.71;   22.1;    6.6;    4.7;eor
       3379;20191027;   10;   9.1;   3.0;    3;   4.9;   6;    8.450;   0;   4.3;  11.2;  958.89;   15.9;   62.79;   22.4;   10.1;    7.3;eor
       3379;20191028;   10;   7.6;   2.0;    3;   3.3;   6;    0.000;   0;   7.9;  10.0;  958.68;    8.8;   86.96;   12.9;    7.2;    6.8;eor
       3379;20191029;   10;   6.7;   2.5;    3;   1.5;   6;    0.000;   0;   7.9;   9.0;  958.82;    7.0;   89.21;    7.6;    6.0;    5.5;eor
       3379;20191030;   10;  10.0;   3.8;    3;   1.1;   6;    0.050;   0;   7.8;   7.3;  962.08;    5.6;   80.38;    6.7;    3.6;    2.6;eor
       3379;20191031;   10;   6.5;   2.5;    3;   0.0;   0;    0.000;   0;   8.0;   7.0;  959.57;    4.4;   83.67;    6.4;    2.9;    2.4;eor
       3379;20191101;   10;   5.4;   2.1;    3;   2.0;   6;    0.250;   0;   8.0;   9.0;  951.92;    7.0;   89.04;   10.4;    2.9;    2.8;eor
       3379;20191102;   10;   9.2;   2.2;    3;   1.3;   6;    1.867;   0;   7.7;  11.5;  939.79;   11.8;   83.71;   18.1;    8.9;    6.2;eor
       3379;20191103;   10;  12.3;   2.3;    3;   1.2;   6;    0.150;   0;   7.8;  11.0;  931.45;   10.3;   87.21;   12.4;    7.9;    6.3;eor
       3379;20191104;   10;  15.8;   3.2;    3;   4.7;   6;    4.700;   0;   5.6;   9.1;  935.75;   11.0;   69.71;   15.1;    8.7;    6.3;eor
       3379;20191105;   10;   9.9;   2.9;    3;   0.2;   6;    0.367;   0;   7.0;   8.8;  939.13;    7.6;   83.71;   10.4;    3.5;    1.4;eor
       3379;20191106;   10;   7.5;   2.6;    3;   0.0;   6;    0.933;   0;   6.3;   8.1;  943.26;    7.2;   79.88;   10.1;    3.7;    1.3;eor
       3379;20191107;   10;   8.5;   2.0;    3;   0.0;   0;    6.583;   0;   4.5;   7.6;  943.68;    7.3;   75.21;   11.4;    2.3;   -0.2;eor
       3379;20191108;   10;  10.8;   2.5;    3;   3.0;   6;    0.000;   0;   8.0;   7.8;  942.85;    5.2;   88.00;    7.1;    3.6;    1.6;eor
       3379;20191109;   10;   8.5;   2.8;    3;   0.3;   6;    0.433;   0;   5.9;   6.8;  948.61;    4.3;   81.88;    7.6;   -0.1;   -2.4;eor
       3379;20191110;   10;   4.0;   1.5;    3;   0.0;   0;    0.000;   0;   6.6;   5.7;  950.62;    0.3;   91.75;    1.6;   -1.7;   -2.7;eor
       3379;20191111;   10;   6.0;   1.8;    3;   2.3;   6;    0.083;   0;   7.9;   5.8;  949.76;    1.5;   85.88;    3.5;   -0.7;   -0.5;eor
       3379;20191112;   10;   9.0;   2.4;    3;   3.8;   8;    0.000;   0;   7.6;   7.0;  946.35;    4.7;   81.63;    6.1;    2.0;    1.5;eor
       3379;20191113;   10;   5.4;   2.1;    3;   1.3;   6;    0.000;   0;   6.9;   6.7;  943.59;    3.2;   87.58;    5.3;    1.3;   -0.7;eor
       3379;20191114;   10;   8.9;   2.8;    3;   0.0;   0;    6.783;   0;   4.3;   5.8;  942.01;    2.2;   81.38;    7.1;   -0.3;   -2.7;eor
       3379;20191115;   10;  11.3;   2.3;    3;   0.3;   6;    1.267;   0;   7.4;   6.5;  938.68;    4.8;   76.29;    9.0;   -0.2;   -1.5;eor
       3379;20191116;   10;   5.1;   1.5;    3;   0.3;   6;    0.000;   0;   7.5;   7.5;  947.43;    4.7;   87.67;    5.6;    2.3;    0.0;eor
       3379;20191117;   10;   8.3;   2.1;    3;   0.4;   6;    0.050;   0;   7.9;   7.6;  943.70;    4.5;   90.88;    5.9;    3.4;    2.2;eor
       3379;20191118;   10;  10.6;   2.8;    3;   0.0;   0;    7.400;   0;   5.5;   6.2;  948.65;    5.2;   70.83;    9.4;    2.8;    0.9;eor
       3379;20191119;   10;   4.1;   1.4;    3;   0.0;   0;    1.817;   0;   6.5;   6.5;  954.77;    3.5;   82.08;    6.1;    0.7;   -1.6;eor
       3379;20191120;   10;   4.8;   1.7;    3;   0.0;   6;    0.167;   0;   7.6;   6.7;  952.96;    3.1;   87.46;    4.3;    1.4;   -0.7;eor
       3379;20191121;   10;   4.9;   1.4;    3;   0.0;   6;    0.000;   0;   8.0;   7.0;  948.35;    4.0;   86.92;    5.7;    2.7;    2.6;eor
       3379;20191122;   10;   6.3;   2.4;    3;   0.0;   0;    0.017;   0;   8.0;   7.1;  946.68;    3.4;   90.92;    4.8;    1.4;    1.0;eor
       3379;20191123;   10;   6.3;   2.4;    3;   0.0;   0;    3.483;   0;   7.8;   7.1;  939.75;    6.7;   74.71;   14.4;   -0.3;   -1.6;eor
       3379;20191124;   10;   3.5;   1.6;    3;   0.0;   0;    1.850;   0;   7.9;   8.1;  944.43;    6.7;   82.58;   11.7;    3.5;    1.0;eor
       3379;20191125;   10;   4.8;   1.4;    3;   0.0;   6;    0.000;   0;   8.0;   7.7;  948.91;    3.7;   97.04;    4.8;    2.3;    0.6;eor
       3379;20191126;   10;   5.7;   1.6;    3;   0.0;   6;    1.817;   0;   7.7;   8.4;  947.84;    6.4;   88.29;   11.0;    3.9;    2.2;eor
       3379;20191127;   10;   7.2;   2.3;    3;   0.3;   6;    0.167;   0;   7.4;   8.2;  939.73;    6.5;   84.54;   10.6;    3.0;    2.0;eor
       3379;20191128;   10;  16.5;   5.1;    3;   1.6;   6;    0.533;   0;   6.3;   7.8;  940.81;    9.1;   67.88;   11.6;    7.5;    4.6;eor
       3379;20191129;   10;  14.0;   4.8;    3;   3.0;   6;    0.083;   0;   7.9;   7.8;  948.36;    6.3;   81.88;    8.8;    2.3;    0.9;eor
       3379;20191130;   10;   7.0;   2.3;    3;   0.0;   0;    1.650;   0;   6.0;   5.5;  959.92;    2.5;   75.08;    5.5;   -0.2;   -2.4;eor
       3379;20191201;   10;   7.4;   2.4;    3;   1.8;   8;    0.017;   0;   7.8;   5.2;  954.57;    0.5;   81.83;    1.8;   -1.0;   -2.5;eor
       3379;20191202;   10;   5.8;   2.2;    3;   0.0;   0;    0.000;   1;   7.8;   5.2;  960.78;    0.6;   81.63;    1.1;    0.0;   -0.6;eor
       3379;20191203;   10;   7.0;   1.9;    3;   0.0;   0;    8.200;   0;   3.5;   4.4;  965.06;    0.7;   69.96;    5.1;   -1.9;   -4.5;eor
       3379;20191204;   10;   5.4;   2.1;    3;   0.0;   0;    8.083;   0;   1.8;   4.6;  959.27;   -0.8;   80.29;    2.8;   -2.9;   -5.3;eor
       3379;20191205;   10;   4.1;   1.4;    3;   0.0;   8;    4.983;   0;   6.6;   4.7;  959.80;   -2.5;   91.88;    0.0;   -4.8;   -5.4;eor
       3379;20191206;   10;   7.3;   1.4;    3;   0.4;   6;    7.750;   0;   4.3;   5.2;  956.90;    1.5;   78.21;    9.7;   -3.8;   -4.9;eor
       3379;20191207;   10;  14.1;   5.1;    3;   0.0;   6;    1.533;   0;   7.6;   7.5;  955.45;    8.2;   69.08;   10.2;    6.4;    3.8;eor
       3379;20191208;   10;  19.0;   3.6;    3;   0.0;   6;    6.800;   0;   7.7;   6.9;  951.25;    7.9;   65.79;   12.1;    3.8;    1.3;eor
       3379;20191209;   10;  16.4;   6.2;    3;   3.4;   6;    2.633;   0;   7.1;   6.8;  945.95;    7.8;   64.58;   11.1;    4.1;    3.2;eor
       3379;20191210;   10;  10.9;   3.4;    3;   0.0;   0;    2.150;   0;   4.2;   5.8;  961.74;    2.1;   80.29;    4.2;   -1.0;   -4.0;eor
       3379;20191211;   10;  10.8;   1.7;    3;   2.4;   6;    3.350;   0;   6.4;   4.6;  951.84;    0.4;   73.54;    3.5;   -3.8;   -6.4;eor
       3379;20191212;   10;   9.0;   2.9;    3;   0.9;   6;    0.000;   0;   5.0;   6.2;  942.82;    2.0;   87.75;    3.6;   -0.2;   -2.6;eor
       3379;20191213;   10;  18.1;   5.1;    3;   1.5;   8;    1.617;   0;   6.1;   5.5;  926.80;    2.5;   75.63;    6.3;   -1.2;   -3.5;eor
       3379;20191214;   10;  23.3;   6.6;    3;   1.6;   6;    2.183;   0;   6.7;   6.1;  938.17;    6.8;   61.58;    9.8;    1.8;    0.6;eor
       3379;20191215;   10;  16.7;   3.8;    3;   0.0;   6;    4.167;   0;   7.7;   8.2;  947.34;    9.9;   68.79;   15.4;    6.1;    3.6;eor
       3379;20191216;   10;   5.9;   1.6;    3;   0.0;   0;    1.700;   0;   7.8;   6.7;  949.26;    4.9;   77.83;    8.6;    2.3;   -0.4;eor
       3379;20191217;   10;  10.2;   2.8;    3;   0.0;   6;    0.000;   0;  -999;   7.1;  947.84;   10.6;   58.71;   15.7;    2.1;    0.1;eor
       3379;20191218;   10;   5.6;   2.0;    3;   0.0;   6;    3.933;   0;  -999;   8.4;  956.59;   10.4;   67.00;   15.1;    6.3;    2.6;eor
       3379;20191219;   10;   5.3;   1.7;    3;   0.0;   0;    4.133;   0;   7.4;   7.6;  952.25;    5.8;   82.75;   11.3;    2.8;   -0.4;eor
       3379;20191220;   10;  15.1;   3.1;    3;   7.9;   6;    3.517;   0;   5.3;   7.0;  936.33;   10.4;   58.04;   16.1;    3.2;   -0.3;eor
       3379;20191221;   10;   9.4;   2.6;    3;   2.4;   6;    0.000;   0;   5.7;   7.8;  934.95;    5.0;   89.17;    6.7;    2.5;   -0.1;eor
       3379;20191222;   10;  15.0;   3.8;    3;   0.2;   6;    0.000;   0;   7.9;   7.2;  931.32;    5.6;   79.33;    8.6;    1.6;    0.2;eor
       3379;20191223;   10;  15.5;   5.6;    3;   2.5;   6;    0.033;   0;   7.8;   7.3;  947.46;    5.6;   80.83;    6.6;    4.7;    3.1;eor
       3379;20191224;   10;  14.1;   4.0;    3;   7.4;   6;    2.483;   0;   6.6;   7.3;  954.46;    5.5;   81.00;    7.0;    3.7;    1.2;eor
       3379;20191225;   10;  16.1;   5.5;    3;   8.3;   8;    0.050;   0;   7.8;   7.6;  956.70;    5.6;   83.83;    7.5;    3.1;    2.1;eor
       3379;20191226;   10;   6.8;   1.7;    3;   1.5;   6;    4.767;   0;   6.5;   6.5;  962.27;    3.2;   84.79;    5.8;    1.0;   -1.7;eor
       3379;20191227;   10;   5.8;   1.8;    3;   4.9;   6;    0.000;   0;   7.8;   7.2;  963.87;    3.7;   89.96;    4.9;    1.7;    0.9;eor
       3379;20191228;   10;   5.9;   1.6;    3;   0.0;   0;    3.167;   0;   5.5;   4.6;  974.89;   -0.1;   76.08;    2.0;   -2.1;   -4.5;eor
       3379;20191229;   10;   5.3;   2.0;    3;   0.0;   0;    7.900;   0;   2.1;   4.3;  974.72;   -1.6;   79.79;    2.5;   -4.8;   -6.4;eor
       3379;20191230;   10;   5.5;   1.8;    3;   0.0;   0;    7.967;   0;   0.7;   4.5;  970.94;    0.0;   75.50;    6.0;   -4.4;   -6.0;eor
       3379;20191231;   10;   7.4;   2.1;    3;   0.0;   0;    6.750;   0;   4.8;   5.2;  969.52;    3.0;   70.54;    8.6;   -0.5;   -3.1;eor
       3379;20200101;   10;   6.3;   1.9;    3;   0.0;   0;    7.617;   0;   1.7;   5.4;  969.82;    0.8;   83.46;    4.9;   -2.6;   -4.8;eor
       3379;20200102;   10;   4.1;   1.3;    3;   0.0;   0;    7.767;   0;   2.4;   4.8;  966.50;   -1.5;   87.83;    4.1;   -4.6;   -6.3;eor
       3379;20200103;   10;  11.4;   2.9;    3;   1.9;   6;    4.183;   0;   6.8;   5.8;  963.45;    3.5;   74.75;    8.4;   -4.2;   -5.3;eor
       3379;20200104;   10;  12.8;   5.0;    3;   0.8;   8;    0.000;   0;   7.7;   6.8;  966.43;    4.3;   81.71;    7.0;    2.8;    1.9;eor
       3379;20200105;   10;  12.0;   2.8;    3;   0.0;   6;    0.400;   0;   5.9;   6.0;  971.71;    2.5;   82.46;    4.7;   -1.3;   -3.7;eor
       3379;20200106;   10;   5.7;   1.6;    3;   0.0;   0;    8.183;   0;   0.4;   4.9;  966.18;    0.8;   77.17;    6.0;   -2.5;   -4.8;eor
       3379;20200107;   10;  10.9;   2.3;    3;   1.6;   6;    0.050;   0;   6.0;   6.3;  966.26;    2.4;   86.08;    4.6;   -2.1;   -4.7;eor
       3379;20200108;   10;   5.0;   1.7;    3;   0.0;   0;    0.150;   0;   5.9;   5.3;  966.78;    3.6;   68.63;    7.2;   -1.3;   -3.2;eor
       3379;20200109;   10;   5.9;   1.9;    3;   0.0;   0;    7.567;   0;   7.7;   5.5;  959.99;    7.7;   53.71;   14.5;    3.6;   -0.4;eor
       3379;20200110;   10;  11.6;   3.8;    3;   0.9;   6;    5.567;   0;   4.4;   6.4;  959.95;    7.4;   62.42;   11.2;    2.3;   -1.4;eor
       3379;20200111;   10;   8.1;   2.3;    3;   0.0;   6;    0.267;   0;   6.8;   6.3;  969.24;    4.0;   76.83;    5.4;    0.0;   -3.0;eor
       3379;20200112;   10;   6.2;   1.5;    3;   0.0;   0;    7.533;   0;   4.5;   5.4;  965.14;    0.5;   86.21;    5.1;   -3.2;   -5.4;eor
       3379;20200113;   10;   4.6;   1.6;    3;   0.0;   0;    2.933;   0;   6.0;   4.8;  960.64;    3.1;   63.38;    7.2;   -0.6;   -3.2;eor
       3379;20200114;   10;   6.5;   1.6;    3;   0.0;   0;    7.533;   0;   5.9;   4.4;  956.53;    4.9;   53.42;   12.8;   -1.1;   -4.5;eor
       3379;20200115;   10;   5.8;   1.8;    3;   0.0;   6;    8.367;   0;   3.1;   4.9;  959.31;    5.6;   55.92;   12.8;   -0.7;   -3.3;eor
       3379;20200116;   10;   7.2;   2.2;    3;   0.0;   6;    6.517;   0;   5.0;   6.3;  965.48;    7.3;   63.21;   12.4;    0.2;   -2.8;eor
       3379;20200117;   10;  10.6;   2.6;    3;   4.9;   6;    6.550;   0;   4.0;   6.1;  959.28;    5.6;   69.83;   12.2;   -1.2;   -3.9;eor
       3379;20200118;   10;   9.3;   2.4;    3;   2.9;   8;    0.000;   0;   7.4;   6.9;  963.75;    3.2;   89.17;    6.2;    0.5;   -1.6;eor
       3379;20200119;   10;   7.4;   1.9;    3;   1.9;   8;    0.250;   0;   6.2;   5.6;  971.01;    0.3;   90.00;    1.6;   -0.8;   -3.1;eor
       3379;20200120;   10;   8.0;   2.3;    3;   0.0;   0;    0.033;   0;   6.3;   5.4;  979.63;    0.4;   86.88;    1.6;   -1.4;   -3.1;eor
       3379;20200121;   10;   5.1;   2.1;    3;   0.0;   7;    7.633;   0;   5.3;   4.5;  976.31;   -1.2;   80.83;    1.4;   -2.9;   -3.4;eor
       3379;20200122;   10;   5.3;   1.6;    3;   0.0;   7;    2.717;   0;   7.3;   4.5;  971.18;   -2.4;   88.33;    0.6;   -4.0;   -3.6;eor
       3379;20200123;   10;   6.4;   2.3;    3;   0.0;   0;    0.017;   0;   7.9;   4.6;  967.23;   -1.9;   87.13;    0.0;   -3.9;   -3.7;eor
       3379;20200124;   10;   4.7;   1.5;    3;   0.0;   0;    7.867;   0;   3.5;   5.1;  961.68;    1.0;   78.88;    8.7;   -3.2;   -4.9;eor
       3379;20200125;   10;   3.7;   1.3;    3;   0.0;   0;    2.650;   0;   7.8;   6.2;  959.36;    2.9;   83.38;    7.5;   -1.5;   -3.5;eor
       3379;20200126;   10;   3.2;   1.1;    3;   1.4;   6;    2.117;   0;   7.9;   6.5;  957.16;    4.0;   80.54;    8.3;    0.6;   -1.4;eor
       3379;20200127;   10;   7.8;   2.3;    3;   0.2;   6;    5.417;   0;   7.7;   7.0;  952.58;    6.6;   72.46;   10.8;    2.6;    0.8;eor
       3379;20200128;   10;  20.8;   5.3;    3;   2.2;   8;    1.650;   0;   7.0;   6.3;  942.93;    4.8;   72.88;    6.8;    1.6;   -0.1;eor
       3379;20200129;   10;  16.2;   5.5;    3;   2.2;   8;    1.767;   0;   7.6;   5.8;  949.23;    2.6;   78.92;    4.7;    1.1;   -0.1;eor
       3379;20200130;   10;  12.5;   3.2;    3;   2.2;   6;    7.200;   0;   6.9;   6.2;  953.70;    6.2;   67.17;   10.5;    2.2;    0.9;eor
       3379;20200131;   10;  18.3;   6.6;    3;   0.0;   6;    2.117;   0;   6.2;  10.2;  952.63;   11.4;   75.58;   14.2;    8.7;    6.2;eor
       3379;20200201;   10;  19.5;   4.5;    3;  10.0;   6;    6.133;   0;   6.0;   9.3;  950.82;   10.5;   74.33;   16.4;    5.7;    2.1;eor
       3379;20200202;   10;  17.8;   6.2;    3;  31.1;   6;    0.133;   0;   7.8;  10.1;  952.78;   10.6;   79.00;   13.2;    7.3;    6.2;eor
       3379;20200203;   10;  14.4;   3.5;    3;  34.8;   6;    0.000;   0;   7.5;   9.0;  954.52;    6.7;   91.96;   11.1;    5.9;    4.9;eor
       3379;20200204;   10;  27.4;   7.0;    3;   2.0;   8;    1.167;   0;   7.5;   6.5;  950.01;    5.0;   74.92;   14.0;    0.9;    0.1;eor
       3379;20200205;   10;  16.3;   4.5;    3;   0.0;   8;    0.600;   0;   6.2;   4.8;  966.71;    1.4;   71.75;    2.6;   -1.0;   -3.5;eor
       3379;20200206;   10;   5.2;   2.0;    3;   0.0;   0;    9.350;   0;   2.9;   4.0;  968.60;    0.9;   63.58;    6.7;   -2.5;   -4.6;eor
       3379;20200207;   10;   7.2;   2.1;    3;   0.0;   0;    9.383;   0;   0.7;   4.6;  965.02;    0.1;   75.38;    4.7;   -3.6;   -5.9;eor
       3379;20200208;   10;   5.6;   1.5;    3;   0.0;   0;    7.800;   0;   3.2;   5.1;  962.37;    2.2;   73.21;   10.1;   -3.6;   -5.6;eor
       3379;20200209;   10;   8.3;   2.9;    3;   0.0;   0;    8.700;   0;   4.2;   4.6;  957.63;    7.0;   49.67;   14.2;   -0.6;   -3.3;eor
       3379;20200210;   10;  33.0;   8.9;    3;  10.3;   8;    1.933;   0;   6.7;   6.8;  944.30;   10.4;   53.83;   15.9;    6.4;    5.2;eor
       3379;20200211;   10;  24.9;   7.7;    3;   2.0;   8;    1.350;   0;   7.0;   6.2;  948.49;    3.9;   76.13;    9.6;    1.6;    0.4;eor
       3379;20200212;   10;  15.2;   5.9;    3;   0.8;   8;    0.550;   0;   6.7;   5.4;  956.53;    3.3;   69.46;    4.9;    1.8;    0.2;eor
       3379;20200213;   10;  22.6;   3.5;    3;   4.5;   6;    3.617;   0;   7.5;   5.5;  951.45;    5.2;   63.42;    9.8;    1.1;   -1.7;eor
       3379;20200214;   10;  18.9;   5.4;    3;   0.0;   6;    0.417;   0;   7.5;   6.8;  958.28;    5.9;   73.54;    8.0;    4.7;    2.3;eor
       3379;20200215;   10;   6.6;   1.9;    3;   0.0;   0;    7.417;   0;   7.0;   6.0;  962.24;    6.1;   65.92;   12.1;    0.6;   -1.8;eor
       3379;20200216;   10;   8.3;   2.8;    3;   0.0;   0;    1.950;   0;   7.9;   5.1;  957.01;   11.2;   39.33;   17.2;    6.1;    2.6;eor
       3379;20200217;   10;  14.4;   4.0;    3;   0.7;   6;    3.517;   0;   7.8;   7.8;  957.10;   11.6;   58.54;   14.9;    7.2;    6.1;eor
       3379;20200218;   10;  15.1;   5.4;    3;   0.0;   0;    3.600;   0;   5.6;   5.5;  964.12;    6.3;   57.54;    9.1;    4.7;    2.8;eor
       3379;20200219;   10;  19.5;   5.2;    3;   0.4;   8;    1.217;   0;   7.0;   5.4;  960.10;    4.4;   64.38;    6.8;    2.4;    0.5;eor
       3379;20200220;   10;  11.7;   2.6;    3;   0.6;   6;    3.900;   0;   5.3;   5.7;  959.63;    5.6;   63.38;   11.0;    1.6;   -0.2;eor
       3379;20200221;   10;  25.3;   5.2;    3;   0.0;   0;    9.267;   0;   5.3;   4.9;  964.72;    5.8;   53.71;    8.9;    2.8;    1.0;eor
       3379;20200222;   10;  12.9;   4.1;    3;   0.6;   6;    8.700;   0;   5.8;   4.6;  965.03;    9.8;   40.67;   16.9;    2.6;   -0.3;eor
       3379;20200223;   10;  25.8;   8.1;    3;  10.5;   6;    0.117;   0;   7.8;   7.7;  959.85;   11.9;   55.38;   16.0;    6.7;    4.5;eor
       3379;20200224;   10;  14.6;   3.3;    3;   1.5;   8;    2.583;   0;   5.2;   8.7;  957.68;    7.3;   84.17;   11.6;    2.4;    2.2;eor
       3379;20200225;   10;  18.1;   6.0;    3;   0.2;   8;    0.200;   0;   5.8;   6.9;  943.98;    9.8;   57.38;   11.6;    6.1;    5.2;eor
       3379;20200226;   10;  20.7;   6.9;    3;   2.3;   8;    4.500;   0;   6.9;   5.3;  940.98;    2.9;   71.04;    6.1;   -0.8;   -0.6;eor
       3379;20200227;   10;  27.0;   5.5;    3;   6.7;   8;    1.367;   1;   7.3;   5.0;  941.84;    2.4;   70.54;    6.3;    0.5;   -0.9;eor
       3379;20200228;   10;  16.5;   5.4;    3;   0.0;   8;    5.250;   0;   6.4;   4.7;  954.52;    2.4;   66.17;    5.6;   -0.4;   -1.2;eor
       3379;20200229;   10;  14.0;   3.3;    3;   2.5;   6;    2.133;   0;   7.8;   6.0;  943.33;    8.9;   53.92;   16.2;    3.4;    2.0;eor
       3379;20200301;   10;  23.7;   4.0;    3;   3.5;   8;    5.467;   0;   6.0;   7.1;  940.86;    8.0;   67.71;   13.4;    2.8;    1.2;eor
       3379;20200302;   10;  13.2;   4.1;    3;   2.1;   6;    4.967;   0;   6.2;   6.6;  933.48;    6.7;   67.25;    9.4;    2.8;   -0.4;eor
       3379;20200303;   10;  15.1;   4.7;    3;   1.3;   8;    0.067;   0;   7.5;   6.0;  941.81;    4.1;   73.88;    6.0;    1.7;   -0.3;eor
       3379;20200304;   10;   9.0;   2.8;    3;   0.0;   0;    2.267;   0;   6.0;   5.1;  951.11;    3.7;   65.21;    7.0;    0.6;   -1.9;eor
       3379;20200305;   10;   6.9;   2.8;    3;   5.5;   6;    0.217;   0;   6.7;   6.3;  939.97;    5.2;   70.96;    9.4;    0.6;   -1.9;eor
       3379;20200306;   10;  20.3;   7.1;    3;   0.2;   6;    2.667;   0;   7.9;   6.3;  937.69;    6.4;   65.75;    8.2;    3.5;    2.6;eor
       3379;20200307;   10;  11.7;   4.3;    3;   0.3;   8;    0.617;   0;   7.6;   6.2;  955.21;    3.8;   77.96;    6.1;    2.1;    0.1;eor
       3379;20200308;   10;   7.5;   2.4;    3;   0.5;   6;    9.783;   0;   3.1;   5.0;  957.31;    5.2;   59.83;   11.0;    0.7;   -1.4;eor
       3379;20200309;   10;  12.0;   3.9;    3;   1.3;   6;    1.450;   0;   7.6;   7.0;  953.51;    5.9;   75.63;    9.2;    3.6;    1.9;eor
       3379;20200310;   10;  16.2;   4.8;    3;  14.7;   6;    0.133;   0;   6.8;   7.3;  954.31;    5.3;   81.17;   10.2;    3.0;    0.8;eor
       3379;20200311;   10;  18.6;   6.8;    3;   0.0;   0;    4.200;   0;   7.0;   9.9;  955.90;   12.7;   67.54;   16.4;   10.1;    9.0;eor
       3379;20200312;   10;  21.7;   5.0;    3;   2.2;   6;    4.233;   0;   5.9;   9.7;  953.65;   12.6;   66.88;   17.3;    7.3;    5.4;eor
       3379;20200313;   10;  13.3;   4.1;    3;   1.6;   6;    5.867;   0;   5.3;   6.3;  957.69;    7.3;   63.17;   11.7;    4.0;    0.5;eor
       3379;20200314;   10;   6.5;   2.0;    3;   0.0;   0;    5.683;   0;   7.1;   5.5;  959.40;    5.5;   62.42;   10.2;    1.0;   -1.4;eor
       3379;20200315;   10;   7.7;   2.7;    3;   0.0;   0;   11.483;   0;   1.3;   5.8;  957.49;    7.2;   59.42;   14.5;    1.0;   -1.4;eor
       3379;20200316;   10;   6.0;   1.4;    3;   0.0;   0;   11.533;   0;   3.2;   6.4;  959.15;    9.5;   57.75;   17.8;    1.4;   -1.5;eor
       3379;20200317;   10;   6.9;   2.0;    3;   0.0;   6;    0.983;   0;   7.6;   8.3;  967.06;   10.4;   65.50;   14.1;    7.1;    3.7;eor
       3379;20200318;   10;   7.0;   1.7;    3;   0.0;   0;   11.383;   0;   1.5;   8.7;  966.00;   11.7;   65.75;   17.8;    4.9;    2.0;eor
       3379;20200319;   10;   5.9;   1.9;    3;   0.0;   0;   11.433;   0;   0.0;   8.6;  962.03;   12.2;   63.42;   18.8;    5.0;    2.1;eor
       3379;20200320;   10;   9.3;   2.0;    3;  16.5;   6;    9.750;   0;   3.7;   8.6;  957.94;   12.3;   63.58;   19.4;    5.5;    2.2;eor
       3379;20200321;   10;  13.3;   4.0;    3;  10.6;   8;    0.000;   0;   7.6;   7.7;  958.20;    4.1;   92.25;    8.9;    0.3;   -0.2;eor
       3379;20200322;   10;  13.5;   5.4;    3;   0.0;   8;    9.083;   1;   3.5;   4.1;  964.67;    1.1;   62.63;    5.5;   -2.3;   -3.6;eor
       3379;20200323;   10;  13.2;   4.7;    3;   0.0;   0;   12.117;   0;   0.0;   2.7;  968.96;   -0.1;   45.88;    4.0;   -4.3;   -5.9;eor
       3379;20200324;   10;  12.1;   4.4;    3;   0.0;   0;   11.917;   0;   0.0;   3.1;  966.75;    0.3;   49.67;    5.1;   -3.8;   -5.6;eor
       3379;20200325;   10;  16.8;   5.7;    3;   0.0;   0;   11.517;   0;   0.5;   3.3;  959.84;    1.0;   50.42;    5.9;   -2.9;   -4.8;eor
       3379;20200326;   10;  12.6;   4.6;    3;   0.0;   0;    3.617;   0;   4.9;   4.3;  954.30;    2.4;   60.00;    7.5;   -2.2;   -4.1;eor
       3379;20200327;   10;  10.5;   2.8;    3;   0.0;   0;   11.417;   0;   3.8;   6.0;  952.20;    8.6;   55.71;   17.2;    0.6;   -2.4;eor
       3379;20200328;   10;   8.5;   1.9;    3;   0.0;   0;   11.733;   0;   1.3;   6.0;  954.05;    9.1;   55.13;   16.0;    1.9;   -0.9;eor
       3379;20200329;   10;  10.6;   2.8;    3;   0.7;   8;    0.317;   0;   7.3;   5.9;  956.20;    5.9;   64.08;    8.6;    1.8;    1.1;eor
       3379;20200330;   10;  11.2;   3.3;    3;   0.0;   8;    2.800;   0;   5.3;   4.2;  961.13;    1.2;   64.33;    5.1;   -1.6;   -4.4;eor
       3379;20200331;   10;   8.6;   2.1;    3;   0.0;   7;    6.333;   0;   2.3;   3.7;  962.13;    1.3;   58.54;    6.9;   -3.4;   -5.1;eor
       3379;20200401;   10;   8.1;   2.1;    3;   0.0;   0;   12.450;   0;   0.0;   3.9;  957.12;    3.1;   54.17;    9.7;   -3.4;   -5.7;eor
       3379;20200402;   10;   7.9;   1.8;    3;   0.0;   0;   12.467;   0;   0.0;   4.1;  950.65;    6.2;   46.46;   13.7;   -1.5;   -4.4;eor
       3379;20200403;   10;   9.9;   2.9;    3;   0.0;   0;   11.050;   0;   2.5;   5.0;  954.14;    7.8;   48.38;   13.3;    2.5;   -1.1;eor
       3379;20200404;   10;   8.2;   2.2;    3;   0.0;   0;   11.417;   0;   2.2;   5.8;  960.73;    9.5;   50.92;   15.2;    3.2;   -0.2;eor
       3379;20200405;   10;   9.4;   3.4;    3;   0.0;   0;   12.717;   0;   0.0;   5.8;  960.80;   10.4;   48.46;   17.2;    3.2;    0.0;eor
       3379;20200406;   10;   7.7;   2.1;    3;   0.0;   0;   12.717;   0;   0.0;   6.3;  961.45;   12.8;   46.79;   21.4;    3.0;    0.1;eor
       3379;20200407;   10;   9.3;   2.5;    3;   0.0;   0;   12.650;   0;   0.0;   6.5;  966.20;   14.1;   43.58;   21.5;    5.9;    2.7;eor
       3379;20200408;   10;   8.1;   1.9;    3;   0.0;   0;   12.667;   0;   0.2;   7.1;  962.77;   14.3;   45.96;   22.3;    5.6;    2.3;eor
       3379;20200409;   10;   8.7;   2.1;    3;   0.0;   0;   10.500;   0;   1.0;   6.8;  961.54;   14.7;   43.75;   21.5;    8.0;    4.8;eor
       3379;20200410;   10;   7.0;   1.8;    3;   0.0;   0;   12.633;   0;   0.2;   7.3;  961.44;   14.5;   47.58;   22.0;    6.3;    3.3;eor
       3379;20200411;   10;   7.1;   1.8;    3;   0.0;   0;   11.767;   0;   2.0;   7.7;  961.21;   14.3;   50.33;   21.0;    7.9;    5.5;eor
       3379;20200412;   10;  11.4;   2.1;    3;   0.0;   6;   10.267;   0;   3.0;   7.6;  955.88;   16.1;   44.21;   22.9;    8.2;    5.2;eor
       3379;20200413;   10;  15.1;   4.0;    3;   0.0;   6;    9.517;   0;   6.0;   7.7;  952.87;   14.2;   49.29;   21.8;    4.4;    2.6;eor
       3379;20200414;   10;   8.9;   2.7;    3;   0.0;   0;    9.233;   0;   3.9;   3.8;  960.64;    4.5;   45.50;    8.8;    1.8;   -0.9;eor
       3379;20200415;   10;   6.0;   2.4;    3;   0.0;   0;   13.100;   0;   5.6;   4.1;  961.40;    9.5;   37.42;   17.8;    1.0;   -1.1;eor
       3379;20200416;   10;   8.8;   2.2;    3;   0.0;   0;   12.967;   0;   4.4;   6.1;  956.90;   13.5;   43.04;   22.3;    3.5;    1.3;eor
       3379;20200417;   10;   6.7;   2.1;    3;   0.0;   0;   11.400;   0;   4.9;   8.3;  954.37;   17.3;   44.38;   24.5;    9.2;    6.5;eor
       3379;20200418;   10;  13.2;   2.3;    3;   2.4;   6;    8.917;   0;   6.8;  10.6;  953.96;   16.8;   58.13;   25.2;   10.5;    8.2;eor
       3379;20200419;   10;  12.8;   3.8;    3;   0.0;   0;    9.167;   0;   5.4;  10.9;  953.59;   15.6;   62.42;   21.2;   10.2;    9.4;eor
       3379;20200420;   10;  14.4;   6.0;    3;   0.0;   0;    5.800;   0;   6.2;   6.4;  952.63;   12.3;   44.54;   18.4;    7.8;    7.6;eor
       3379;20200421;   10;  15.7;   6.0;    3;   0.0;   0;   12.550;   0;   4.6;   5.6;  952.03;   12.9;   39.04;   19.4;    7.7;    6.1;eor
       3379;20200422;   10;  12.0;   4.5;    3;   0.0;   0;   13.750;   0;   0.0;   5.4;  954.74;   13.6;   36.13;   21.0;    6.1;    3.4;eor
       3379;20200423;   10;   8.2;   2.6;    3;   0.0;   0;   13.667;   0;   0.0;   6.4;  956.51;   13.0;   44.50;   21.2;    5.6;    3.0;eor
       3379;20200424;   10;  14.9;   3.5;    3;   0.0;   0;   10.133;   0;   5.9;   7.2;  951.56;   15.6;   44.04;   21.9;    6.9;    4.6;eor
       3379;20200425;   10;   9.6;   3.4;    3;   0.0;   0;   13.233;   0;   2.5;   6.6;  948.74;   15.0;   39.71;   20.0;    9.7;    7.5;eor
       3379;20200426;   10;   6.7;   2.2;    3;   0.3;   6;   13.700;   0;   1.2;   6.3;  948.77;   13.1;   44.33;   20.5;    4.7;    2.9;eor
       3379;20200427;   10;   7.2;   2.2;    3;   0.0;   0;    5.250;   0;   6.8;   9.4;  948.88;   15.3;   55.00;   20.2;   10.2;    8.5;eor
       3379;20200428;   10;   9.7;   2.7;    3;  18.2;   6;    8.367;   0;   6.8;  11.0;  946.13;   14.6;   68.46;   21.5;    9.0;    6.6;eor
       3379;20200429;   10;  10.5;   3.5;    3;   5.7;   6;    1.350;   0;   6.6;  10.6;  948.67;   10.8;   82.21;   13.7;    8.8;    7.5;eor
       3379;20200430;   10;  11.0;   3.4;    3;   5.7;   6;    2.550;   0;   7.5;   9.2;  947.57;   11.7;   68.92;   17.7;    8.0;    6.1;eor
       3379;20200501;   10;  10.0;   3.0;    3;   8.3;   6;    2.917;-999;   6.8;   9.5;  945.97;   10.7;   74.58;   15.9;    8.0;    6.0;eor
       3379;20200502;   10;  12.7;   3.8;    3;   6.6;   8;    2.217;-999;   6.6;   9.2;  950.03;    8.7;   82.08;   12.4;    5.1;    2.5;eor
       3379;20200503;   10;   7.4;   2.3;    3;   0.0;   0;    7.667;-999;   6.5;   7.5;  956.86;   10.0;   63.79;   15.4;    5.1;    3.1;eor
       3379;20200504;   10;   9.0;   2.3;    3;   2.2;   6;    2.767;-999;   7.8;  11.1;  955.39;   12.9;   74.04;   17.3;    9.6;    8.3;eor
       3379;20200505;   10;   7.1;   2.2;    3;   0.0;   0;    1.550;-999;   6.5;   9.4;  955.67;    9.7;   79.08;   13.1;    6.0;    4.5;eor
       3379;20200506;   10;   7.3;   2.4;    3;   0.0;   0;   12.250;-999;   2.5;   5.8;  960.57;    9.1;   52.46;   14.6;    2.6;    1.0;eor
       3379;20200507;   10;   6.0;   1.9;    3;   0.0;   0;   14.267;-999;   1.1;   7.1;  961.50;   12.6;   52.71;   20.4;    4.1;    2.4;eor
       3379;20200508;   10;   7.6;   2.1;    3;   0.0;   0;   11.500;-999;  -999;   9.6;  956.24;   17.1;   53.13;   25.0;    7.2;    5.6;eor
       3379;20200509;   10;   6.2;   1.9;    3;   0.6;   6;    8.983;-999;   6.9;  12.7;  950.92;   19.2;   59.79;   26.4;   12.1;   10.1;eor
       3379;20200510;   10;   9.0;   2.2;    3;   4.1;   6;    5.267;-999;   6.4;  14.6;  946.55;   17.0;   76.08;   22.2;   13.9;   12.6;eor
       3379;20200511;   10;  24.4;   3.3;    3;  15.3;   8;    1.050;-999;   7.6;  12.1;  940.84;   11.8;   85.46;   19.8;    1.6;    1.8;eor
       3379;20200512;   10;   7.6;   2.5;    3;   1.0;   6;    7.883;-999;   7.1;   6.4;  954.05;    6.7;   67.21;   12.5;    1.9;    1.9;eor
       3379;20200513;   10;   7.5;   2.2;    3;   5.5;   6;    0.050;-999;   8.0;   8.9;  949.06;    7.4;   86.13;    9.0;    5.9;    5.1;eor
       3379;20200514;   10;   8.8;   2.9;    3;   7.3;   6;    0.083;-999;   7.8;   9.7;  951.67;    8.9;   85.17;   12.4;    6.4;    6.2;eor
       3379;20200515;   10;  10.1;   2.8;    3;   0.8;   6;    0.250;-999;   6.3;   9.0;  954.92;    8.1;   83.58;   10.6;    4.0;    2.4;eor
       3379;20200516;   10;   7.3;   2.1;    3;   0.0;   0;   12.600;-999;   5.4;   8.5;  959.22;   10.9;   68.50;   17.7;    2.7;    1.2;eor
       3379;20200517;   10;   7.3;   1.9;    3;   0.0;   0;   14.317;-999;   0.3;   8.5;  959.83;   13.8;   58.92;   21.2;    5.7;    4.1;eor
       3379;20200518;   10;   6.0;   1.7;    3;   0.0;   0;   14.833;-999;   0.0;   9.0;  961.17;   15.7;   55.13;   23.6;    6.6;    5.2;eor
       3379;20200519;   10;   7.0;   2.3;    3;   0.0;   0;   12.850;-999;   2.1;  10.3;  958.55;   17.9;   53.04;   24.4;    9.2;    7.6;eor
       3379;20200520;   10;   6.3;   2.3;    3;   0.0;   0;    3.917;-999;   6.1;  11.4;  958.97;   16.7;   60.96;   20.9;   11.1;    9.4;eor
       3379;20200521;   10;   6.7;   1.7;    3;   0.0;   0;   10.533;-999;   3.4;  11.4;  960.30;   16.9;   62.00;   23.1;   10.9;    9.3;eor
       3379;20200522;   10;   9.9;   2.6;    3;   0.0;   6;    9.133;-999;   6.6;  11.1;  960.98;   20.2;   49.83;   25.5;   12.1;    9.9;eor
       3379;20200523;   10;  18.2;   3.1;    3;   9.8;   8;    1.433;-999;   7.8;  12.8;  962.36;   15.1;   75.29;   23.2;    8.3;    6.7;eor
       3379;20200524;   10;  13.0;   4.2;    3;   0.1;   6;    7.133;-999;   6.3;   8.8;  968.15;   13.0;   60.75;   17.5;    7.7;    6.0;eor
       3379;20200525;   10;  13.9;   3.7;    3;   3.3;   6;    4.267;-999;   6.6;  10.4;  968.71;   13.5;   67.46;   17.7;    9.8;    7.6;eor
       3379;20200526;   10;   7.1;   2.1;    3;   0.0;   0;    7.083;-999;   3.8;   9.0;  970.70;   12.5;   64.54;   17.7;    7.0;    5.4;eor
       3379;20200527;   10;   8.8;   2.2;    3;   0.0;   0;   14.583;-999;   2.8;   8.5;  969.84;   14.2;   56.54;   20.2;    6.4;    4.6;eor
       3379;20200528;   10;  11.6;   2.6;    3;   0.4;   6;    3.133;-999;   7.3;   9.8;  965.86;   13.4;   63.58;   17.4;    9.2;    7.4;eor
       3379;20200529;   10;   7.5;   2.3;    3;   0.0;   6;    3.917;-999;   6.2;   9.2;  963.32;   12.2;   66.33;   17.2;    7.0;    5.3;eor
       3379;20200530;   10;   9.1;   2.3;    3;   0.0;   0;    5.833;-999;   5.3;   8.6;  959.05;   11.9;   63.75;   17.5;    6.6;    4.9;eor
       3379;20200531;   10;   8.5;   2.3;    3;   0.0;   0;    8.450;-999;   7.8;   8.6;  958.52;   13.3;   59.79;   18.2;    6.8;    5.3;eor
       3379;20200601;   10;   9.5;   2.9;    3;   0.0;   0;   14.483;-999;   1.3;   9.9;  958.80;   16.1;   57.00;   22.5;    8.3;    7.0;eor
       3379;20200602;   10;   7.9;   2.1;    3;   0.0;   0;   14.667;-999;   1.3;   9.8;  955.11;   17.4;   52.92;   24.1;    9.3;    7.6;eor
       3379;20200603;   10;   7.5;   2.4;    3;   0.0;   0;   13.417;-999;   7.4;   9.7;  945.79;   20.0;   43.75;   26.2;   12.4;   10.5;eor
       3379;20200604;   10;   8.6;   3.2;    3;   4.3;   6;    0.117;-999;   8.0;  12.9;  938.26;   16.0;   71.58;   19.4;   12.1;   10.6;eor
       3379;20200605;   10;  16.0;   4.7;    3;   1.3;   6;    2.183;-999;   7.5;  11.0;  940.41;   13.7;   70.50;   16.7;   11.1;   10.1;eor
       3379;20200606;   10;  12.6;   3.3;    3;  16.2;   8;    0.283;-999;   7.8;  12.9;  944.97;   15.9;   72.17;   20.2;   13.3;   12.6;eor
       3379;20200607;   10;   9.9;   2.4;    3;  11.0;   6;    0.150;-999;   7.6;  12.5;  948.74;   11.3;   92.29;   13.6;    8.6;    8.1;eor
       3379;20200608;   10;   8.1;   2.4;    3;  11.8;   6;    3.983;-999;   7.9;  10.7;  952.04;   13.1;   72.58;   18.3;    9.0;    8.6;eor
       3379;20200609;   10;   7.2;   2.7;    3;   2.1;   6;    0.017;-999;   7.7;  13.4;  951.54;   12.6;   91.88;   15.0;   10.9;   10.7;eor
       3379;20200610;   10;   5.8;   2.1;    3;  10.2;   6;    0.000;-999;   7.7;  14.0;  950.07;   13.2;   92.33;   14.8;   11.8;   11.6;eor
       3379;20200611;   10;   5.4;   1.7;    3;   0.1;   6;    4.917;-999;   5.8;  13.5;  948.37;   14.6;   82.46;   19.9;   11.3;    9.9;eor
       3379;20200612;   10;   9.9;   3.1;    3;   0.0;   0;   15.683;-999;   0.6;  13.3;  946.84;   19.2;   63.25;   27.1;   10.0;    8.5;eor
       3379;20200613;   10;  14.7;   3.0;    3;  23.7;   6;   15.267;-999;   1.4;  14.7;  948.80;   20.6;   61.96;   26.7;   13.4;   11.2;eor
       3379;20200614;   10;  12.8;   5.1;    3;  23.3;   6;    0.000;-999;   7.7;  14.9;  953.25;   14.0;   93.04;   15.1;   12.7;   12.0;eor
       3379;20200615;   10;  10.5;   4.4;    3;  27.2;   6;    0.000;-999;   7.7;  14.8;  955.93;   13.5;   95.54;   14.7;   12.7;   12.0;eor
       3379;20200616;   10;   6.2;   2.1;    3;   1.2;   6;    3.067;-999;   7.8;  15.5;  954.73;   15.3;   89.38;   19.7;   12.9;   12.5;eor
       3379;20200617;   10;  14.7;   2.8;    3;  10.9;   6;    1.917;-999;   7.9;  15.3;  950.61;   16.1;   84.83;   24.0;   13.0;   11.9;eor
       3379;20200618;   10;   8.8;   2.8;    3;   0.0;   6;   11.133;-999;   4.8;  12.7;  952.78;   17.1;   67.63;   22.9;   11.8;   10.4;eor
       3379;20200619;   10;   8.4;   3.5;    3;  11.7;   6;    0.067;-999;   7.7;  13.6;  956.72;   13.9;   86.00;   15.1;   12.5;   12.1;eor
       3379;20200620;   10;  17.9;   2.8;    3;  21.0;   8;    1.700;-999;   7.8;  13.8;  959.49;   14.8;   82.00;   19.7;   12.1;   11.1;eor
       3379;20200621;   10;   8.7;   2.4;    3;   0.0;   6;    6.000;-999;   6.4;  13.7;  959.80;   17.4;   70.08;   21.8;   12.4;   10.7;eor
       3379;20200622;   10;   8.3;   2.6;    3;   0.0;   6;    5.250;-999;   6.5;  15.5;  962.21;   19.1;   70.88;   23.8;   14.4;   12.0;eor
       3379;20200623;   10;   7.6;   2.1;    3;   0.0;   0;   12.917;-999;   1.8;  14.3;  962.37;   19.8;   64.71;   25.3;   14.1;   12.3;eor
       3379;20200624;   10;   8.4;   2.7;    3;   0.0;   6;   15.333;-999;   1.7;  11.8;  960.52;   19.2;   56.21;   24.8;   12.1;   10.1;eor
       3379;20200625;   10;   6.8;   2.4;    3;   0.1;   6;    7.700;-999;   4.5;  13.4;  957.94;   18.0;   66.04;   23.6;   13.5;   11.7;eor
       3379;20200626;   10;  11.6;   2.7;    3;   0.1;   6;   11.650;-999;   3.5;  15.2;  954.37;   20.5;   65.00;   27.6;   12.2;   10.3;eor
       3379;20200627;   10;  12.8;   3.2;    3;   0.0;   0;   11.667;-999;   5.6;  15.8;  954.35;   22.9;   58.46;   29.2;   17.4;   15.7;eor
       3379;20200628;   10;  10.6;   3.1;    3;  20.3;   6;   10.100;-999;   5.7;  16.9;  955.40;   22.0;   65.58;   27.9;   16.8;   15.1;eor
       3379;20200629;   10;  15.1;   2.5;    3;  10.7;   6;    4.317;-999;   6.2;  16.4;  954.30;   17.0;   85.96;   21.9;   14.6;   13.0;eor
       3379;20200630;   10;   9.9;   3.1;    3;   0.0;   0;   14.917;-999;   2.3;  14.0;  953.20;   20.0;   62.33;   26.2;   13.6;   11.9;eor
       3379;20200701;    3;  14.4;   2.4;    3;   3.1;   6;   11.217;-999;  -999;  16.1;  951.24;   21.7;   64.79;   29.8;   14.6;   12.5;eor
       3379;20200702;    3;  11.7;   2.9;    3;  10.1;   6;    3.550;-999;   7.3;  17.9;  953.01;   19.8;   78.29;   25.8;   16.4;   15.5;eor
       3379;20200703;    3;   6.6;   2.2;    3;   0.0;   6;    3.433;-999;   5.9;  14.0;  957.88;   17.7;   70.42;   21.8;   14.6;   12.3;eor
       3379;20200704;    3;   8.7;   2.5;    3;   0.0;   0;   14.100;-999;   2.4;  13.5;  958.90;   19.6;   61.46;   25.6;   13.1;   11.0;eor
       3379;20200705;    3;  11.8;   3.9;    3;   0.0;   0;   11.533;-999;   2.0;  15.5;  956.91;   22.7;   56.50;   28.2;   16.5;   14.2;eor
       3379;20200706;    3;  13.0;   4.6;    3;   0.0;   6;    8.300;-999;   4.9;  13.1;  955.80;   18.6;   59.88;   23.4;   12.9;   10.3;eor
       3379;20200707;    3;   7.8;   2.1;    3;   0.0;   0;   12.783;-999;   1.7;   9.6;  959.14;   16.2;   53.58;   21.5;   11.1;    8.8;eor
       3379;20200708;    3;  10.9;   3.1;    3;   0.0;   0;   12.067;-999;   4.1;  11.8;  956.69;   19.7;   53.33;   26.7;   12.1;   10.1;eor
       3379;20200709;    3;   9.8;   2.7;    3;   0.0;   6;   13.483;-999;   3.5;  13.2;  956.05;   22.9;   49.92;   29.5;   15.1;   13.2;eor
       3379;20200710;    3;  12.7;   3.4;    3;  36.7;   8;   10.667;-999;   3.3;  15.6;  953.66;   23.6;   57.46;   31.0;   16.2;   15.4;eor
       3379;20200711;    3;   7.8;   2.0;    3;   7.5;   6;    1.950;-999;   6.7;  15.2;  960.17;   16.2;   82.71;   19.8;   13.1;   11.6;eor
       3379;20200712;    3;   7.4;   2.5;    3;   0.0;   0;   14.067;-999;   0.5;  11.6;  963.48;   16.9;   63.25;   22.4;   11.0;    9.8;eor
       3379;20200713;    3;  11.0;   3.1;    3;   0.0;   0;   14.900;-999;   6.0;  10.4;  960.23;   17.4;   55.38;   23.4;   10.6;    8.7;eor
       3379;20200714;    3;   7.6;   1.7;    3;   0.2;   6;   14.067;-999;   5.3;  11.2;  954.82;   18.6;   55.75;   24.8;   10.9;    9.3;eor
       3379;20200715;    3;   8.5;   2.7;    3;   2.6;   6;    3.050;-999;   7.9;  14.2;  953.57;   17.7;   70.58;   21.4;   14.3;   13.3;eor
       3379;20200716;    3;   9.1;   2.9;    3;  20.9;   6;    0.000;-999;   7.7;  14.8;  956.74;   14.6;   88.96;   17.5;   12.9;   12.5;eor
       3379;20200717;    3;   9.5;   2.3;    3;   0.0;   6;    5.800;-999;   6.6;  13.3;  958.15;   16.3;   73.96;   21.2;   12.6;   11.5;eor
       3379;20200718;    3;   7.0;   1.9;    3;   0.0;   0;    2.350;-999;   6.0;  13.1;  958.50;   16.8;   70.00;   20.6;   11.6;   10.0;eor
       3379;20200719;    3;   4.7;   1.7;    3;   0.0;   0;   12.300;-999;  -999;  14.3;  956.28;   20.6;   60.54;   26.3;   15.2;   13.5;eor
       3379;20200720;    3;-999;   2.5;    3;   0.0;   0;   14.400;-999;   1.4;  14.5;  956.29;   22.6;   55.46;   29.1;   16.7;   14.7;eor
       3379;20200721;    3;  12.2;   2.0;    3;   7.3;   6;    8.300;-999;   5.5;  16.6;  958.81;   20.8;   68.79;   28.5;   16.1;   14.2;eor
       3379;20200722;    3;   5.8;   1.8;    3;   0.0;   0;    8.783;-999;   4.8;  14.0;  958.88;   20.6;   60.21;   26.9;   14.7;   13.2;eor
       3379;20200723;    3;   6.4;   2.1;    3;   0.0;   6;    8.917;-999;   4.9;  16.0;  954.93;   21.0;   66.33;   26.7;   16.3;   14.3;eor
       3379;20200724;    3;  10.4;   2.8;    3;   0.0;   6;    6.700;-999;   7.7;  14.5;  952.69;   20.0;   63.92;   25.2;   16.0;   14.2;eor
       3379;20200725;    3;   8.3;   2.5;    3;   0.0;   6;    6.683;-999;   5.8;  14.0;  954.01;   21.2;   56.17;   26.6;   17.5;   15.4;eor
       3379;20200726;    3;  11.4;   2.7;    3;   4.3;   6;    2.967;-999;   7.5;  15.8;  954.51;   19.5;   70.33;   25.0;   16.2;   14.4;eor
       3379;20200727;    3;   6.2;   2.0;    3;   0.0;   0;   14.617;-999;   1.3;  15.5;  956.28;   22.2;   61.67;   29.4;   13.7;   12.1;eor
       3379;20200728;    3;  12.2;   3.9;    3;   2.6;   8;    9.450;-999;   4.0;  18.0;  953.65;   24.8;   59.63;   32.0;   18.7;   16.9;eor
       3379;20200729;    3;   7.2;   2.0;    3;   0.0;   0;   11.533;-999;   3.5;  14.1;  958.43;   21.5;   57.42;   27.0;   16.1;   14.6;eor
       3379;20200730;    3;   6.0;   1.7;    3;   0.0;   0;   14.517;-999;   0.0;  16.1;  958.48;   23.2;   60.50;   30.6;   15.6;   14.2;eor
       3379;20200731;    3;   6.7;   1.6;    3;   0.0;   0;   14.383;-999;   0.0;  17.1;  956.82;   25.0;   57.96;   32.7;   16.8;   15.4;eor
       3379;20200801;    3;  10.4;   2.3;    3;   2.3;   8;   12.067;-999;   2.9;  18.1;  954.55;   25.7;   58.21;   34.2;   18.3;   16.8;eor
       3379;20200802;    3;   9.6;   2.6;    3;  23.5;   6;    0.900;-999;   7.9;  18.2;  953.87;   19.8;   79.21;   22.7;   16.7;   15.9;eor
       3379;20200803;    3;   9.6;   2.3;    3;  40.7;   6;    0.000;-999;   7.7;  16.8;  950.20;   16.2;   90.79;   18.7;   13.2;   12.8;eor
       3379;20200804;    3;  10.8;   2.8;    3;  10.3;   6;    0.000;-999;   7.7;  13.8;  954.20;   13.5;   89.38;   14.6;   12.6;   11.4;eor
       3379;20200805;    3;  10.0;   2.7;    3;   0.0;   0;   11.583;-999;   2.2;  12.3;  958.59;   16.6;   67.38;   21.9;   10.0;    8.9;eor
       3379;20200806;    3;   8.8;   3.0;    3;   0.0;   0;   14.117;-999;   0.3;  15.0;  959.45;   19.5;   68.04;   25.8;   12.6;   11.1;eor
       3379;20200807;    3;   9.3;   2.5;    3;   0.0;   0;   14.000;-999;   0.0;  16.3;  959.94;   22.0;   65.29;   29.0;   15.5;   13.9;eor
       3379;20200808;    3;   5.6;   1.4;    3;   0.0;   0;   13.633;-999;   0.3;  16.7;  959.80;   22.4;   64.83;   30.2;   15.3;   14.0;eor
       3379;20200809;    3;   8.4;   1.9;    3;   0.0;   0;   13.683;-999;   0.1;  15.8;  957.81;   23.1;   60.38;   30.4;   16.0;   14.5;eor
       3379;20200810;    3;   6.5;   1.9;    3;   0.0;   0;   13.733;-999;   2.4;  16.7;  954.96;   23.5;   61.04;   31.4;   15.1;   13.8;eor
       3379;20200811;    3;   6.8;   2.2;    3;   0.0;   0;   11.000;-999;   4.2;  17.6;  956.45;   24.8;   57.50;   30.5;   19.3;   17.3;eor
       3379;20200812;    3;   7.4;   2.4;    3;   0.0;   0;   11.900;-999;   4.4;  19.4;  956.12;   23.9;   67.25;   29.9;   18.0;   16.7;eor
       3379;20200813;    3;  13.1;   2.8;    3;   0.0;   6;    6.183;-999;   7.4;  18.2;  955.18;   22.0;   69.79;   27.7;   18.3;   16.6;eor
       3379;20200814;    3;   9.8;   2.9;    3;   1.3;   6;    6.667;-999;   7.0;  17.5;  954.83;   21.3;   69.88;   25.8;   18.0;   16.8;eor
       3379;20200815;    3;   6.6;   2.4;    3;   0.0;   0;    5.283;-999;   5.5;  18.4;  954.59;   21.7;   72.79;   27.4;   17.8;   16.2;eor
       3379;20200816;    3;   7.9;   2.6;    3;   0.0;   0;   11.700;-999;   2.9;  18.2;  951.97;   22.3;   69.83;   28.1;   15.8;   14.6;eor
       3379;20200817;    3;   8.9;   2.7;    3;   0.3;   6;    2.683;-999;   7.8;  16.8;  952.01;   20.3;   70.71;   23.8;   18.0;   16.6;eor
       3379;20200818;    3;   9.5;   2.3;    3;   9.0;   8;    2.650;-999;   7.6;  16.4;  952.50;   18.9;   75.25;   22.1;   16.7;   14.7;eor
       3379;20200819;    3;  11.4;   2.4;    3;   0.0;   0;   11.433;-999;   4.6;  14.8;  952.21;   19.9;   65.88;   26.1;   14.1;   12.4;eor
       3379;20200820;    3;   6.7;   1.9;    3;   0.0;   0;   10.317;-999;   3.3;  15.7;  952.27;   23.2;   59.00;   30.8;   14.4;   12.8;eor
       3379;20200821;    3;   4.9;   1.7;    3;   0.0;   0;   13.083;-999;   0.6;  18.5;  953.56;   26.1;   58.58;   34.1;   17.3;   15.7;eor
       3379;20200822;    3;   7.9;   2.5;    3;   4.7;   6;    0.533;-999;   7.7;  18.8;  957.77;   20.4;   78.83;   23.5;   16.9;   15.0;eor
       3379;20200823;    3;  13.9;   2.5;    3;   1.2;   8;    4.750;-999;   6.9;  15.5;  958.04;   19.0;   71.38;   23.5;   15.6;   13.5;eor
       3379;20200824;    3;   6.9;   1.8;    3;   0.0;   0;    4.100;-999;   5.9;  11.9;  956.95;   17.9;   59.75;   22.8;   14.1;   12.0;eor
       3379;20200825;    3;   5.7;   1.9;    3;   0.0;   6;   10.417;-999;   5.2;  11.9;  954.20;   19.3;   55.96;   25.4;   12.1;   10.2;eor
       3379;20200826;    3;  20.8;   6.2;    3;   0.0;   0;   10.717;-999;   4.8;  11.0;  953.41;   22.9;   40.08;   27.5;   16.0;   13.2;eor
       3379;20200827;    3;   7.4;   2.3;    3;   0.0;   0;   10.800;-999;   5.0;  11.7;  955.96;   18.5;   55.42;   22.8;   13.4;   10.8;eor
       3379;20200828;    3;  10.2;   2.6;    3;  40.8;   8;    6.933;-999;   6.2;  14.4;  947.16;   19.6;   66.96;   28.6;   15.7;   13.6;eor
       3379;20200829;    3;   5.9;   2.0;    3;  11.9;   6;    0.000;-999;   7.5;  14.8;  947.50;   14.5;   89.54;   15.7;   13.3;   12.3;eor
       3379;20200830;    3;  14.8;   3.6;    3;   3.4;   6;    0.067;-999;   7.8;  14.0;  947.63;   13.7;   89.13;   15.3;   11.8;   11.0;eor
       3379;20200831;    3;   6.0;   2.0;    3;   2.0;   6;    1.217;-999;   7.8;  12.1;  955.80;   14.1;   75.67;   17.7;   10.4;    8.9;eor
       3379;20200901;    3;   7.0;   1.7;    3;   1.4;   6;    0.733;-999;   8.0;  13.3;  955.00;   13.7;   85.04;   16.8;   11.9;   11.3;eor
       3379;20200902;    3;   7.0;   1.6;    3;   0.0;   0;    5.100;-999;   6.8;  12.4;  956.91;   14.5;   76.42;   19.1;   10.8;    9.8;eor
       3379;20200903;    3;   8.4;   2.0;    3;   0.0;   6;    9.250;-999;   5.6;  11.3;  961.41;   16.6;   62.00;   21.9;   11.0;    9.1;eor
       3379;20200904;    3;   5.8;   1.9;    3;   0.0;   0;    9.833;-999;   5.7;  14.1;  963.02;   20.4;   59.63;   26.6;   16.4;   14.7;eor
       3379;20200905;    3;  11.7;   3.1;    3;   7.4;   6;    7.717;-999;   5.4;  15.4;  957.15;   21.0;   64.21;   27.7;   15.6;   14.1;eor
       3379;20200906;    3;   8.5;   1.7;    3;   3.3;   6;    1.000;-999;   7.7;  14.5;  957.58;   15.4;   82.96;   17.9;   13.8;   13.6;eor
       3379;20200907;    3;   4.6;   1.7;    3;   0.0;   0;    0.817;-999;   6.9;  12.8;  961.71;   14.4;   78.79;   18.4;   11.3;   10.3;eor
       3379;20200908;    3;   5.3;   1.5;    3;   0.0;   0;    8.133;-999;   2.4;  13.4;  965.72;   15.1;   79.58;   21.5;   10.4;    9.6;eor
       3379;20200909;    3;   6.7;   1.5;    3;   0.0;   0;   12.533;-999;   0.6;  14.1;  962.00;   17.5;   72.88;   25.2;   10.1;    9.1;eor
       3379;20200910;    3;   7.0;   2.1;    3;   0.0;   0;    9.367;-999;   6.5;  14.8;  958.80;   18.5;   71.46;   23.8;   12.9;   11.9;eor
       3379;20200911;    3;   6.4;   1.7;    3;   0.0;   0;    8.167;-999;   4.4;  15.3;  956.55;   17.4;   78.75;   23.6;   13.2;   12.3;eor
       3379;20200912;    3;   5.0;   1.4;    3;   0.0;   0;   11.800;-999;   0.6;  15.1;  959.66;   18.6;   73.13;   26.0;   12.3;   11.4;eor
       3379;20200913;    3;   7.0;   2.1;    3;   0.0;   0;   11.517;-999;   2.7;  14.8;  965.22;   19.3;   69.38;   26.8;   13.0;   11.7;eor
       3379;20200914;    3;   6.1;   2.0;    3;   0.0;   0;   11.950;-999;   3.4;  15.9;  964.46;   19.2;   73.83;   27.0;   13.0;   11.5;eor
       3379;20200915;    3;   5.8;   1.7;    3;   0.0;   0;   12.017;-999;   0.8;  16.6;  960.70;   20.5;   71.92;   28.9;   13.5;   12.3;eor
       3379;20200916;    3;   7.4;   2.4;    3;   0.0;   0;   10.300;-999;   3.8;  16.1;  958.44;   21.1;   65.92;   27.2;   16.0;   14.6;eor
       3379;20200917;    3;   9.0;   3.0;    3;   0.0;   0;    8.617;-999;   3.1;  16.1;  960.82;   19.1;   73.13;   24.7;   14.3;   13.2;eor
       3379;20200918;    3;   9.0;   3.7;    3;   0.0;   0;    7.350;-999;   2.3;  11.1;  962.02;   14.9;   66.21;   20.4;   10.0;    8.6;eor
       3379;20200919;    3;   4.2;   1.7;    3;   0.0;   0;   11.333;-999;   0.3;  11.6;  957.49;   14.6;   70.08;   22.7;    7.1;    6.3;eor
       3379;20200920;    3;   5.8;   1.8;    3;   0.0;   0;   11.367;-999;   2.5;  13.2;  954.38;   15.9;   74.79;   23.2;    9.7;    8.9;eor
       3379;20200921;    3;   5.2;   1.4;    3;   0.0;   0;   10.967;-999;   0.9;  13.4;  954.81;   17.0;   71.96;   24.0;   10.9;   10.1;eor
       3379;20200922;    3;   5.7;   1.5;    3;   6.3;   6;    8.633;-999;   4.1;  15.2;  951.53;   18.2;   75.38;   25.6;   12.5;   11.1;eor
       3379;20200923;    3;   7.3;   2.4;    3;   3.1;   6;    1.133;-999;   6.8;  15.5;  948.77;   16.5;   83.13;   20.2;   14.1;   12.6;eor
       3379;20200924;    3;  13.9;   2.8;    3;  10.2;   6;    4.550;-999;   7.8;  13.8;  946.98;   17.1;   71.71;   21.6;   13.4;   12.0;eor
       3379;20200925;    3;  12.0;   3.5;    3;  27.0;   6;    0.000;-999;   7.5;  10.7;  941.34;    9.3;   89.17;   13.7;    5.5;    5.4;eor
       3379;20200926;    3;  16.9;   6.0;    3;   2.7;   6;    0.000;-999;   7.8;   8.2;  940.09;    7.0;   81.63;    7.7;    6.3;    5.7;eor
       3379;20200927;    3;  12.9;   3.2;    3;   0.0;   0;   11.367;-999;   2.4;   7.7;  944.04;   10.0;   64.92;   15.6;    5.0;    4.2;eor
       3379;20200928;    3;   4.8;   1.6;    3;   0.5;   6;    0.000;-999;   7.7;   9.2;  950.30;    8.0;   85.17;   10.7;    4.9;    4.0;eor
       3379;20200929;    3;   9.6;   2.8;    3;   0.6;   6;    0.083;-999;   7.8;  10.6;  956.58;   10.5;   83.29;   12.2;    8.7;    7.7;eor
       3379;20200930;    3;   5.6;   1.8;    3;   0.0;   0;    6.683;-999;   5.6;  11.2;  954.73;   12.7;   76.71;   17.8;    8.2;    7.2;eor
       3379;20201001;    3;   5.5;   1.6;    3;   0.0;   0;    8.167;-999;   5.2;  11.5;  946.20;   12.9;   78.29;   19.4;    6.5;    5.5;eor
       3379;20201002;    3;   9.9;   3.6;    3;   0.0;   6;    0.933;-999;   7.9;  11.6;  935.40;   14.9;   69.79;   18.4;    9.8;    8.4;eor
       3379;20201003;    1;  16.4;   4.3;    1;   2.9;   6;    2.917;-999;   6.0;   9.8;  933.05;   13.3;   67.54;   22.1;    5.1;    4.2;eor
       3379;20201004;    1;  10.6;   2.5;    1;   0.7;   6;    6.467;-999;   5.8;   9.0;  940.37;   11.0;   71.08;   17.3;    4.7;    3.7;eor
       3379;20201005;    1;   9.5;   3.1;    1;   4.7;   6;    1.783;-999;   7.8;   9.6;  946.47;   11.5;   71.79;   14.6;    9.0;    8.7;eor
       3379;20201006;    1;  21.5;   3.6;    1;  12.1;   6;    0.750;-999;   7.8;  10.1;  948.81;   11.7;   73.96;   13.6;    9.1;    8.7;eor
       3379;20201007;    1;  11.5;   4.1;    1;   3.9;   6;    0.933;-999;   7.3;  10.3;  954.21;   10.1;   83.38;   13.4;    8.5;    7.8;eor
       3379;20201008;    1;  10.2;   3.4;    1;   0.0;   0;    6.450;-999;   7.0;   9.8;  960.87;   12.7;   68.92;   17.7;    8.7;    7.2;eor
       3379;20201009;    1;   6.9;   2.4;    1;   0.0;   6;    8.283;-999;   7.9;  11.7;  959.52;   14.4;   71.92;   19.0;   10.1;    8.7;eor
       3379;20201010;    1;   9.1;   2.4;    1;   8.3;   6;    0.033;-999;   7.2;  10.6;  959.39;    9.6;   88.50;   13.0;    7.1;    6.4;eor
       3379;20201011;    1;   6.5;   1.7;    1;   0.4;   6;    1.333;-999;   7.9;   8.2;  958.01;    7.3;   80.17;    9.9;    5.6;    5.1;eor
       3379;20201012;    1;  10.0;   2.4;    1;   1.5;   6;    1.667;-999;   7.1;   8.0;  957.31;    6.1;   84.25;    8.7;    3.6;    2.5;eor
       3379;20201013;    1;   4.3;   1.5;    1;   0.2;   6;    0.917;-999;   7.0;   8.1;  951.65;    6.4;   84.75;    9.8;    4.0;    3.1;eor
       3379;20201014;    1;   8.1;   2.5;    1;   0.8;   6;    0.267;   0;   7.9;   7.9;  950.45;    6.0;   84.92;    9.1;    3.8;    3.0;eor
       3379;20201015;    1;   5.0;   1.4;    1;   6.4;   4;    0.000;   0;   7.8;   8.5;  951.57;    6.7;   87.00;    7.8;    5.8;    5.7;eor
       3379;20201016;    1;   9.0;   2.3;    1;   8.9;   4;    0.000;   0;   7.5;   9.4;  954.02;    7.1;   92.83;    8.9;    6.2;    6.3;eor
       3379;20201017;    1;   4.5;   1.7;    1;   0.0;   6;    0.000;   0;   7.9;   8.5;  956.54;    6.9;   85.50;    8.9;    5.7;    5.8;eor
       3379;20201018;    1;   6.4;   1.8;    1;   0.0;   4;    4.050;   0;   6.5;   8.5;  960.32;    7.9;   80.42;   11.2;    5.0;    4.3;eor
       3379;20201019;    1;   6.4;   2.1;    1;   0.0;   0;    6.583;   0;   5.0;   7.9;  960.70;    7.9;   75.46;   12.5;    3.9;    2.3;eor
       3379;20201020;    1;   5.3;   1.4;    1;   0.0;   0;    7.233;   0;   7.2;   7.9;  955.78;    7.7;   77.63;   15.8;    1.3;    0.2;eor
       3379;20201021;    1;   8.8;   1.9;    1;   0.0;   0;    5.633;   0;   7.6;   9.7;  952.02;   11.8;   71.75;   21.0;    5.6;    4.4;eor
       3379;20201022;    1;   4.2;   1.7;    1;   0.2;   4;    2.517;   0;   7.6;  10.2;  956.69;   13.1;   68.67;   17.2;    8.8;    6.5;eor
       3379;20201023;    1;   8.8;   1.9;    1;   6.4;   4;    2.233;   0;   7.9;  12.5;  954.59;   14.8;   74.88;   19.1;   12.0;   10.8;eor
       3379;20201024;    1;   7.0;   2.4;    1;   1.6;   6;    1.433;   0;   5.0;  11.9;  956.46;   11.5;   87.79;   14.8;    7.9;    6.0;eor
       3379;20201025;    1;   4.6;   1.7;    1;   0.0;   4;    9.233;   0;   3.5;   9.7;  949.43;    9.7;   82.25;   17.6;    3.7;    2.6;eor
       3379;20201026;    1;  10.3;   3.0;    1;  16.4;   6;    0.000;   0;   7.7;   9.0;  945.61;    6.6;   91.17;    9.3;    4.0;    3.8;eor
       3379;20201027;    1;   5.9;   2.3;    1;   0.0;   6;    1.450;   0;   6.0;   7.9;  951.25;    6.6;   81.38;   11.1;    3.9;    2.3;eor
       3379;20201028;    1;  12.3;   3.2;    1;   2.4;   6;    1.283;   0;   7.6;   8.4;  954.13;    9.4;   70.50;   14.7;    3.5;    1.8;eor
       3379;20201029;    1;  13.7;   3.9;    1;  15.5;   6;    0.017;   0;   7.5;  10.3;  958.50;    9.8;   85.33;   11.2;    8.9;    8.4;eor
       3379;20201030;    1;  11.8;   4.0;    1;   0.0;   6;    0.550;   0;   7.9;  10.8;  962.68;   11.8;   78.25;   14.7;    9.0;    8.5;eor
       3379;20201031;    1;   4.9;   1.8;    1;   0.0;   0;    8.867;   0;   4.4;  10.4;  961.95;   12.2;   74.54;   17.9;    6.3;    4.5;eor
       3379;20201101;    1;   8.3;   2.2;    1;   3.2;   6;    0.000;   0;   7.7;  10.9;  958.68;   11.3;   81.00;   15.6;    5.6;    3.9;eor
       3379;20201102;    1;  10.7;   3.0;    1;   0.0;   6;    1.667;   0;   7.5;  13.5;  957.73;   17.4;   67.75;   21.5;   14.5;   12.0;eor
       3379;20201103;    1;  10.5;   2.3;    1;   7.8;   6;    0.000;   0;   7.7;  11.8;  961.81;   12.2;   82.79;   17.3;    8.3;    8.1;eor
       3379;20201104;    1;   6.9;   2.4;    1;   0.1;   6;    0.000;   0;   7.8;   9.3;  967.32;    8.2;   85.21;    9.3;    7.4;    7.3;eor
       3379;20201105;    1;   7.0;   2.5;    1;   0.0;   0;    3.417;   0;   4.9;   8.4;  972.15;    7.8;   80.13;   11.4;    3.5;    1.7;eor
       3379;20201106;    1;   5.6;   2.1;    1;   0.0;   0;    0.600;   0;   4.6;   7.7;  969.82;    4.5;   91.04;    6.7;    2.2;    0.7;eor
       3379;20201107;    1;   3.9;   1.3;    1;   0.0;   4;    4.917;   0;   6.4;   8.1;  965.32;    5.4;   91.29;   10.1;    2.9;    3.4;eor
       3379;20201108;    1;   3.4;   1.1;    1;   0.0;   0;    6.650;   0;   6.7;   8.1;  962.84;    5.8;   88.67;   12.6;    2.6;    3.0;eor
       3379;20201109;    1;   4.1;   1.4;    1;   0.0;   0;    4.617;   0;   6.8;   8.0;  963.09;    4.7;   93.71;    8.7;    2.4;    2.9;eor
       3379;20201110;    1;   3.6;   1.4;    1;   0.0;   4;    6.033;   0;   7.8;   7.6;  964.79;    4.1;   91.83;    7.4;    1.7;    2.0;eor
       3379;20201111;    1;   4.2;   1.5;    1;   0.0;   0;    0.650;   0;   8.0;   8.8;  963.56;    6.7;   89.67;    9.7;    4.8;    5.2;eor
       3379;20201112;    1;   7.5;   2.0;    1;   0.0;   6;    3.417;   0;   7.5;   8.8;  960.82;    8.7;   79.33;   14.2;    4.2;    4.0;eor
       3379;20201113;    1;   5.7;   1.7;    1;   0.0;   6;    7.150;   0;   6.3;   8.2;  960.37;    9.6;   70.25;   15.8;    4.3;    2.2;eor
       3379;20201114;    1;   6.1;   1.6;    1;   0.0;   0;    8.400;   0;   5.9;   8.2;  959.49;   10.0;   68.50;   17.1;    4.5;    2.2;eor
       3379;20201115;    1;   6.2;   1.9;    1;   2.8;   6;    8.417;   0;   4.8;   7.8;  954.67;    8.1;   74.58;   15.8;    3.1;    0.9;eor
       3379;20201116;    1;  12.3;   3.9;    1;   0.3;   6;    2.617;   0;   7.5;   8.7;  957.95;   10.2;   70.00;   13.2;    8.1;    6.5;eor
       3379;20201117;    1;   8.3;   2.3;    1;   0.0;   0;    5.550;   0;   7.5;   7.9;  966.50;    8.6;   71.38;   11.9;    4.4;    2.2;eor
       3379;20201118;    1;   3.4;   1.1;    1;   0.0;   0;    8.867;   0;   2.7;   7.3;  964.72;    6.8;   76.29;   13.9;    2.1;    0.0;eor
       3379;20201119;    1;  14.1;   3.9;    1;   3.2;   6;    1.483;   0;   5.7;   8.0;  962.17;    8.2;   74.21;   14.0;    4.0;    1.0;eor
       3379;20201120;    1;   9.3;   2.5;    1;   0.0;   6;    3.683;   0;   5.3;   6.1;  969.70;    3.6;   77.21;    5.8;   -1.2;   -2.5;eor
       3379;20201121;    1;   6.3;   1.9;    1;   0.0;   0;    8.050;   0;   2.5;   4.8;  970.76;    1.2;   74.42;    5.8;   -2.2;   -4.6;eor
       3379;20201122;    1;   4.1;   1.2;    1;   0.0;   0;    7.883;   0;   3.8;   5.2;  965.99;    2.9;   70.38;    9.6;   -2.8;   -4.7;eor
       3379;20201123;    1;   5.6;   1.9;    1;   0.0;   6;    0.283;   0;   8.0;   7.0;  966.34;    5.1;   78.67;    8.2;    2.7;    1.4;eor
       3379;20201124;    1;   6.8;   2.5;    1;   0.0;   0;    2.400;   0;   7.3;   6.9;  963.12;    4.1;   83.71;    6.0;    2.7;    1.7;eor
       3379;20201125;    1;   4.0;   1.5;    1;   0.0;   0;    4.833;   0;   6.3;   6.1;  959.45;    2.3;   85.21;    5.4;    0.5;    0.9;eor
       3379;20201126;    1;   3.5;   1.3;    1;   0.0;   0;    5.150;   0;   6.0;   5.9;  960.84;    1.6;   87.46;    5.5;   -0.5;    0.0;eor
       3379;20201127;    1;   4.8;   1.7;    1;   0.0;   0;    6.600;   0;   6.0;   5.6;  959.06;    0.4;   89.79;    4.0;   -1.4;   -1.5;eor
       3379;20201128;    1;   9.0;   2.5;    1;   0.0;   6;    0.000;   0;   8.0;   5.4;  957.58;   -0.7;   92.75;    0.5;   -1.7;   -1.2;eor
       3379;20201129;    1;   9.6;   3.0;    1;   0.0;   0;    0.050;   0;   7.3;   4.8;  960.05;    0.1;   77.92;    1.5;   -1.1;   -2.9;eor
       3379;20201130;    1;   5.9;   1.9;    1;   0.0;   0;    1.833;   0;   5.1;   4.4;  961.77;   -1.6;   81.83;    1.4;   -4.3;   -5.7;eor
       3379;20201201;    1;   4.8;   1.3;    1;   4.3;   8;    0.000;   0;   7.5;   5.4;  954.63;   -0.3;   89.88;    1.7;   -3.3;   -4.5;eor
       3379;20201202;    1;   6.9;   2.3;    1;   0.0;   0;    0.000;   0;   8.0;   4.4;  952.70;   -2.2;   84.71;    0.5;   -3.2;   -3.0;eor
       3379;20201203;    1;   6.2;   2.1;    1;   0.0;   0;    3.483;   0;   4.6;   4.4;  944.30;   -0.7;   75.67;    2.8;   -3.0;   -4.2;eor
       3379;20201204;    1;   9.3;   2.3;    1;   0.0;   0;    1.733;   0;   8.0;   4.7;  930.51;    1.8;   69.54;    8.4;   -2.9;   -4.2;eor
       3379;20201205;    1;  10.3;   2.1;    1;   1.6;   6;    0.000;   0;   7.6;   5.9;  936.75;    2.1;   84.08;    5.0;    0.2;   -0.9;eor
       3379;20201206;    1;   7.5;   2.4;    1;   1.2;   8;    0.250;   0;   7.8;   6.3;  936.55;    1.8;   90.92;    4.3;   -0.2;    0.0;eor
       3379;20201207;    1;   7.2;   2.1;    1;   0.0;   0;    3.750;   0;   6.0;   5.9;  939.63;    2.2;   83.71;    4.9;    0.0;   -1.0;eor
       3379;20201208;    1;   7.1;   1.8;    1;   0.0;   7;    0.000;   0;   7.8;   5.4;  940.20;    0.4;   85.50;    2.8;   -2.3;   -1.9;eor
       3379;20201209;    1;   7.6;   2.8;    1;   4.8;   8;    0.000;   0;   7.6;   5.8;  945.62;    0.8;   89.33;    1.2;   -0.1;   -1.6;eor
       3379;20201210;    1;   4.7;   1.6;    1;   0.0;   0;    0.000;   0;   7.9;   5.7;  944.85;    1.1;   86.42;    2.1;    0.6;    0.3;eor
       3379;20201211;    1;   7.1;   2.3;    1;   0.0;   6;    2.033;   0;   7.8;   5.4;  939.67;    0.7;   83.17;    2.8;   -0.6;   -1.8;eor
       3379;20201212;    1;   7.7;   2.2;    1;   3.0;   8;    0.167;   0;   7.9;   6.6;  939.17;    3.0;   86.38;    5.1;    0.3;   -0.3;eor
       3379;20201213;    1;   6.9;   2.6;    1;   0.5;   6;    0.000;   0;   7.7;   7.6;  950.34;    4.6;   89.71;    5.3;    2.8;    0.4;eor
       3379;20201214;    1;   6.6;   2.0;    1;   0.0;   0;    6.600;   0;   6.7;   6.5;  952.91;    3.3;   83.96;    7.3;   -0.5;   -1.9;eor
